2000 10000
116 1492
842 1367
524 563
780 489
706 311
1055 428
1487 876
1876 1883
1357 766
182 799
770 969
847 1418
1702 1932
1355 1070
1248 715
1203 1467
1812 528
924 1557
1106 1305
1900 1809
1527 1069
1454 1722
12 1677
1992 351
421 384
1176 960
1885 1945
1952 952
446 1380
1809 903
821 1028
418 1318
328 341
104 1616
744 1976
262 512
1559 1142
1285 85
1342 1144
1190 1016
1465 726
603 1973
854 1326
1227 1837
907 169
1539 382
792 862
974 573
1225 1912
1498 1253
106 1288
128 818
596 923
429 1978
1829 306
819 672
1442 1617
1953 372
1113 624
1703 1658
1159 740
1333 627
175 112
1830 1433
1809 98
1807 1486
1903 1194
506 1114
258 1049
1474 788
266 873
689 1501
1009 688
11 354
658 1922
150 698
1791 1892
1815 263
1719 326
1772 1384
896 1979
1145 697
1572 801
1652 1962
1316 552
807 180
1328 1609
1983 1015
806 221
782 1813
1116 935
496 1227
1881 738
1752 853
1478 1782
470 1992
219 424
261 1589
426 1922
37 649
821 465
64 257
858 761
1008 62
1216 240
1312 702
723 344
333 1815
1663 636
758 301
1716 1731
373 1362
823 1864
152 1659
317 1992
1179 1462
1729 1377
1746 563
1491 1734
383 1299
1957 975
950 592
1934 1028
494 312
1366 278
1684 816
288 1412
1253 1569
644 27
764 1112
1982 1678
683 1187
251 1530
1359 238
1906 636
1954 1616
603 1652
1212 484
449 956
342 76
1235 1111
137 1364
1964 991
1687 225
1547 1871
1858 1504
468 188
1032 230
1144 471
842 1301
1733 48
777 125
1739 765
1567 15
18 1793
1963 1678
1197 1879
1768 419
1109 1537
519 274
405 1421
78 1026
1600 54
843 600
1749 1345
1035 541
1520 61
134 1308
566 736
1359 601
163 1780
405 1542
1566 1345
1993 658
287 503
399 744
667 495
574 1499
1379 206
1883 5
427 1974
1292 961
586 1738
1718 840
1236 1591
73 695
301 559
982 1940
304 39
757 1327
789 1545
768 439
381 1979
678 1448
1163 968
113 215
187 164
109 739
892 1902
872 1664
1672 27
956 611
82 1804
1654 653
501 216
1246 858
1765 1423
1722 787
612 1215
507 1687
1054 99
708 1448
1816 193
1372 445
584 1907
1488 1788
1749 1829
1560 1664
717 221
343 1966
1847 674
1401 328
611 697
602 1143
1177 1374
449 635
1946 424
1571 510
175 1335
27 417
1919 1193
503 117
1315 32
379 347
162 1810
1123 1259
106 188
364 712
1938 425
372 573
195 940
1781 441
425 1631
203 1518
529 1688
1689 623
1625 1133
1377 1031
700 294
1892 430
679 171
510 399
73 132
1060 48
647 404
1249 738
1144 1210
1147 461
1291 1903
699 1991
272 463
602 109
471 1575
1395 1731
1269 1326
75 1117
1940 1265
780 115
391 828
1573 1737
1535 1445
1562 1319
1070 1116
268 1660
407 543
658 125
1480 462
480 1516
898 1275
753 362
818 757
1823 572
42 1061
1296 1055
809 1462
98 1370
416 713
1598 1622
956 169
1097 1111
703 1709
200 600
995 834
420 603
1206 1283
1705 701
779 1704
1951 1925
498 1425
1947 234
548 788
1365 1047
1979 452
1180 1001
689 1932
854 13
1585 3
693 590
1166 19
1424 580
276 716
1260 1869
1962 1158
1815 1633
1287 1248
44 1083
1712 165
86 1494
971 1887
1648 1577
146 1252
1939 63
535 310
156 1674
747 1361
680 139
1905 1647
1137 1775
942 1307
501 1076
1972 132
228 917
1111 712
411 1038
650 1320
908 1844
1787 766
1205 81
1879 1752
454 1610
1245 419
376 1956
407 1269
529 212
1021 674
288 1843
926 1834
1387 997
615 1972
1423 425
728 1095
645 1326
1094 1189
39 1287
1730 87
768 1433
1635 1247
675 1205
1449 828
1929 1236
12 861
683 800
497 381
201 1322
1586 833
1135 143
1177 1308
597 733
1261 1716
1743 1719
1434 1378
1977 839
731 440
767 97
187 1508
471 1038
1517 329
958 631
161 58
1285 208
621 982
1189 1439
251 1156
1655 680
963 1850
636 701
440 1580
383 1046
513 338
1614 1322
1151 100
337 1573
110 133
1123 38
1997 794
1806 1263
1338 1912
426 864
219 534
291 410
198 182
1779 608
1784 686
1956 1961
383 1167
1157 36
1604 1250
548 480
184 1223
1228 1902
46 993
992 1625
1101 1797
115 305
218 955
1381 1622
842 1048
948 1969
1029 645
48 1712
409 1691
350 64
1389 399
1487 1725
467 649
1048 106
1563 57
1600 619
590 948
1639 281
923 865
1613 1046
1706 227
515 1713
1678 165
341 365
1855 1747
1215 1158
726 1933
141 1014
941 1821
917 1235
1135 640
987 476
1410 579
1873 340
739 411
226 829
1957 748
1525 1054
1236 1217
1322 466
1972 53
432 668
972 124
1636 104
686 255
582 1366
1053 1217
721 1939
1729 1500
82 262
1616 805
687 76
1031 1872
1005 651
590 143
225 1479
777 6
1873 1629
1334 826
1929 1975
279 1715
1657 284
1881 995
1454 1416
1073 1990
753 551
930 1941
725 489
785 540
1466 1921
738 1182
297 951
768 78
310 1149
456 449
318 1010
1412 1806
1474 469
885 599
852 422
876 779
60 1388
922 895
1834 1943
593 1888
357 1611
980 607
892 723
687 1257
477 1447
1521 665
1020 908
1503 1816
730 1075
1895 354
1362 1288
1591 882
94 864
1083 1378
1998 711
886 46
1723 1415
1065 1711
757 1329
997 493
987 1791
264 642
1036 1424
1535 842
1815 1125
836 804
1496 850
1527 200
1807 483
1808 1122
269 1632
1977 1833
331 1692
217 395
260 765
955 1327
287 868
1211 1253
1488 1790
255 1855
1143 331
1597 1962
1996 247
1645 727
1507 1251
1963 70
1316 259
757 524
307 1227
670 1050
224 1458
690 1931
1638 1441
225 111
1039 624
1734 1149
786 178
1744 1608
1918 1495
1584 158
1964 1611
1427 1672
1857 1485
1931 1434
799 1285
197 722
1690 1493
1389 104
1299 1608
1774 440
1743 1090
917 1048
1452 160
944 1905
1431 1498
1402 568
206 1710
95 1879
1836 500
279 239
406 1475
812 702
409 1746
125 1987
801 55
1723 1562
804 1521
439 871
246 1230
1170 1349
1123 1503
550 1870
1018 1746
271 11
579 127
1943 747
1019 399
1165 453
559 643
8 540
1735 983
19 140
962 538
1808 1498
762 184
947 1398
362 250
425 1996
1741 1673
1015 815
1559 1696
743 1110
1479 1407
722 4
1706 403
1584 1460
1322 1460
947 122
735 1929
1494 520
1755 524
698 815
20 900
480 363
1154 1997
1474 1221
1799 1506
1773 285
49 1079
1279 716
1399 1801
1261 1342
719 1776
612 896
1426 1409
719 1547
1450 1995
1343 1640
6 857
1781 819
664 305
110 914
213 369
660 1354
455 1888
288 1711
1702 1694
962 901
1894 1635
803 90
1785 645
1262 375
1344 414
1671 580
3 680
760 659
416 849
734 1653
1957 119
496 1781
358 90
1273 655
220 385
662 501
569 273
1916 1515
956 1473
796 1255
73 860
1162 1312
1533 996
1261 537
79 1614
638 1312
1705 19
1137 501
11 921
886 101
1197 1949
1011 1530
534 1605
997 1366
1888 1574
1231 1304
202 637
119 868
1452 1946
1185 1831
1228 252
1892 3
328 224
546 1844
1532 1646
1372 1428
1461 948
1182 1533
81 1515
1777 659
440 630
696 327
663 150
503 1918
1217 1261
186 1982
182 1274
405 794
1508 1181
331 350
268 1462
376 1032
1964 377
954 743
174 817
1161 1487
450 163
364 877
1871 1354
1529 193
501 394
1972 1665
1383 1270
1984 184
1767 1418
1053 614
198 63
1441 1891
572 1213
407 1634
1355 161
1835 1552
627 1674
1349 841
1700 1364
1158 1044
523 533
113 635
500 1044
1388 1506
770 410
281 1939
1044 1144
989 1208
1794 1147
1943 452
1495 33
1125 988
1462 1842
1212 1630
948 574
1397 400
655 1224
464 461
777 921
990 1968
1403 1383
13 710
1768 1215
978 1584
601 1634
145 600
1542 1397
1138 1
157 1068
1824 1268
1218 1687
991 247
898 56
781 1457
1744 979
519 1420
1682 101
1052 1920
1200 357
205 1755
1556 1453
1167 180
1301 409
1738 935
760 1748
958 1238
1395 44
982 400
472 69
831 1170
309 1997
669 88
1973 694
271 1476
813 1530
1223 876
94 1779
1289 412
1655 240
564 947
149 668
1259 11
524 1777
94 503
1757 1685
1678 409
253 496
1760 707
390 730
949 199
1060 710
1913 1151
906 14
209 611
1126 17
949 1138
726 312
67 1430
564 250
1942 805
502 1321
836 443
1352 1528
1966 933
701 255
697 779
346 27
67 612
1495 530
1992 1336
1768 1591
1984 923
315 1616
81 1449
673 1095
165 625
58 1731
359 1659
789 489
1997 367
1429 849
926 723
327 1855
1011 538
1878 123
121 969
1468 1945
272 1138
186 869
1191 913
366 1739
1159 1375
1945 69
150 623
1972 660
1077 1013
337 220
163 1087
123 1688
703 48
566 1211
399 51
96 279
1362 364
932 514
455 1380
90 464
181 1814
1053 777
1626 1376
1574 1940
1168 269
1135 321
824 459
753 1976
1976 671
1289 1956
444 1635
213 1739
1892 1468
151 824
1180 508
1121 1325
209 48
1377 1022
1661 552
145 521
1008 1155
177 998
77 1060
204 1101
46 1747
1625 77
661 293
728 1286
417 1101
1595 90
1113 804
1971 835
1326 1851
1818 98
1511 850
1172 1155
411 1700
574 940
716 1518
1148 1966
661 1353
1562 263
1450 1513
1775 1081
1830 1734
758 468
1270 1848
179 1286
1185 1215
753 1292
138 1928
1320 622
331 1828
759 60
418 1982
485 1514
1832 1965
261 1998
958 943
1823 684
768 1048
1728 1844
1914 48
708 768
64 437
1027 750
1266 241
1006 1859
849 1121
1083 1059
1642 757
114 1426
88 242
293 1428
544 781
1091 1179
1169 281
1145 890
1002 1107
899 191
676 1580
1978 1093
766 1244
1323 640
1008 1531
1343 1750
968 412
1682 1216
1255 1637
1320 1803
320 605
874 1945
46 1305
1254 1183
347 250
875 369
1549 808
885 1582
1853 1219
1096 1765
657 146
473 325
1735 180
114 392
307 1955
1967 688
1563 598
164 1152
831 1588
55 1101
134 199
304 1842
428 151
1947 1877
604 1545
1849 524
641 151
1344 537
261 1327
779 1024
1761 596
1735 1361
1783 880
747 1486
662 853
1974 825
615 1037
102 1684
79 1737
1866 999
658 855
990 1365
1778 886
306 1864
1037 622
1682 1592
235 1166
1835 602
754 1731
1310 1720
986 1071
472 621
893 385
989 1076
337 396
8 1389
1734 964
1672 86
440 1571
636 463
1058 1849
139 1579
1620 835
211 701
1014 1025
730 1266
207 1225
747 681
1069 732
1998 1949
945 925
477 820
1743 905
420 57
1 73
1515 260
1332 553
680 627
1210 1610
167 1045
1015 617
308 755
781 1204
1020 1449
471 224
316 350
1064 738
1007 204
1943 1609
986 1084
1411 553
177 1174
559 1276
1721 486
840 737
1029 636
265 240
113 637
204 1987
54 1225
1952 1321
1838 253
193 1303
1855 1388
72 1013
1992 1888
710 1795
1627 972
1546 1801
1716 1724
100 294
1246 1280
177 248
1790 1609
1069 1095
434 584
1585 1914
12 1349
683 1059
617 934
586 1355
443 1572
1520 967
1604 1375
596 353
1215 102
1358 1871
1347 1978
815 131
204 243
1472 172
207 1480
986 1447
1614 750
845 10
1975 729
31 1254
807 1475
292 1295
1763 55
617 826
433 1005
815 1070
1080 587
1954 1609
109 127
231 1019
637 246
392 1876
27 960
735 0
1356 118
709 536
1273 349
1834 645
662 195
1627 1335
151 208
1912 1504
1809 588
334 595
449 1070
1813 973
1593 1458
1722 1343
254 77
404 1593
1068 819
472 1468
1036 1281
1796 511
767 598
1856 1279
1 799
1286 1163
1699 578
37 1018
173 1845
990 118
102 1376
878 1597
949 80
193 740
825 1771
1521 1703
696 1068
651 1820
589 942
751 775
510 1881
166 85
828 958
1290 760
1713 597
1277 1464
1289 535
1881 181
740 1259
587 788
1084 1594
552 1962
1694 1523
880 781
223 511
828 1079
1908 1977
12 1496
934 1017
1070 612
958 1374
1078 473
1042 550
425 322
1748 712
199 275
88 444
1220 1761
711 1618
1643 366
1732 1118
400 1433
417 848
1852 1708
1282 1821
632 278
1636 592
1008 794
1961 1880
1739 1013
104 1556
670 1967
224 160
1476 1313
1627 1711
1262 795
1721 1346
1929 1524
52 53
1103 250
375 743
1870 1883
473 1803
371 1792
1049 687
885 27
850 972
605 387
1013 212
490 171
123 643
114 823
659 394
1118 105
591 1391
1458 1996
1472 911
997 389
1270 1945
286 1280
1143 443
1461 1018
580 1269
1693 92
1653 1188
189 1347
1013 333
524 1337
782 1632
976 680
1591 1249
219 1411
95 1870
652 741
1588 160
684 1447
1938 1707
1685 1261
1433 259
953 817
1760 388
626 459
1720 1484
1995 1194
1585 1030
1621 458
1712 613
275 646
113 584
512 293
1938 1828
522 523
31 1417
1906 563
1037 1871
1226 575
1873 157
481 1653
1523 273
1041 1990
1483 911
1037 1053
364 21
952 457
682 596
57 773
1435 1099
1063 1456
863 119
1900 381
1790 509
962 1818
537 888
1196 1756
1698 920
1653 1443
228 547
837 1823
1730 643
730 1697
1439 925
387 540
1674 1502
1459 1577
984 301
1168 876
1507 342
1225 1410
739 470
1771 617
281 1541
1222 1112
41 842
311 666
441 1944
1716 866
1220 1682
1862 920
1139 525
375 1361
1913 1905
558 250
465 1254
1590 1629
398 32
1122 63
810 242
1804 1854
1016 81
1926 531
1234 1701
35 1377
993 592
1530 302
1485 1054
1241 428
17 1774
1057 1287
1769 1981
396 1541
253 1721
1454 428
1290 1983
1723 64
971 954
150 1485
995 1311
1683 1685
1191 957
1740 4
1428 641
864 599
406 687
1641 1688
1381 300
1099 1139
185 1213
1803 703
750 204
1309 1888
264 459
1432 9
1674 1986
698 1182
292 1726
988 1658
69 1159
344 1327
311 921
784 1370
1221 1142
1224 1642
1315 1006
1420 305
231 403
1874 475
618 1603
344 280
1185 667
1374 1357
1993 1069
1993 840
105 1203
1416 536
530 443
1792 1052
566 1268
1550 1667
1011 1655
1450 39
1377 958
831 1953
1824 1943
903 1038
65 1925
774 1153
1532 1771
670 49
957 1274
1884 1176
263 1617
1982 21
1505 96
1768 964
25 284
238 806
699 1918
1580 1438
537 1856
358 1625
1512 486
1588 1033
1818 263
111 472
1416 1946
346 1278
1070 1043
1448 1898
416 290
679 1158
1718 1264
1871 311
1193 1150
926 1035
217 575
1504 1012
193 1184
497 629
1161 1841
1137 989
102 1002
47 1066
1707 324
1798 1903
1292 1506
934 1569
115 1466
459 1276
244 1122
452 68
1448 1790
176 170
663 288
1216 1632
1321 1685
510 460
1589 453
1180 928
632 830
1879 148
734 60
1988 320
302 1598
579 186
861 1067
1752 43
1179 410
1736 1267
961 453
452 81
1238 990
365 836
1662 271
1108 651
1370 1560
1224 45
1124 861
1929 1029
921 7
201 886
1837 1965
1157 1452
1587 1265
580 882
642 1531
1664 990
1982 1565
297 1762
1092 10
1331 292
293 559
518 943
948 2
1619 695
362 1827
1393 1291
274 667
1143 1116
64 857
1483 1450
1022 72
941 1130
1342 13
349 1255
215 1026
1648 1517
428 87
1898 645
683 1774
1077 1701
266 210
1391 585
1779 172
657 1492
1278 644
521 436
1978 1284
1706 825
1733 1453
1447 830
289 278
1223 1122
1918 186
419 1556
928 1433
1604 1753
1253 1001
1783 1984
143 1392
148 1507
1125 1718
459 1894
1689 1531
302 927
1145 155
1412 1933
1899 65
402 47
942 1718
961 1768
505 734
596 852
90 226
599 332
900 1492
1686 186
199 627
651 1956
560 1020
1734 1839
271 917
493 1784
1950 646
937 1266
226 1440
670 922
1747 317
912 684
609 912
1945 1470
228 1220
1539 553
713 740
253 755
1020 1385
1011 1602
1510 266
869 206
1409 1611
447 971
817 1736
1035 912
642 163
377 646
1767 538
1638 387
779 397
1617 1267
770 577
393 627
74 1813
1851 1848
947 1149
792 1275
427 359
1466 1485
991 172
1190 1550
1469 736
958 1981
533 1280
3 297
832 1576
820 290
1764 95
174 1118
1122 628
310 713
728 472
506 130
626 461
175 525
1954 1424
1152 1968
686 1000
44 1762
594 1411
800 1745
731 1911
256 598
1068 513
1906 1612
557 1758
1202 513
803 996
1706 275
923 1852
732 298
503 475
197 1186
1570 1434
1826 1094
368 287
1091 1170
509 1983
1407 1147
507 890
634 931
735 754
427 372
1808 444
1120 824
1667 1222
806 634
1955 1366
1444 921
597 2
1562 159
856 1394
1787 506
443 1750
579 362
1465 226
64 670
1805 1277
1435 54
1170 537
301 125
576 64
1247 3
414 1988
684 1812
566 544
645 837
1359 180
741 1299
228 1717
19 1543
1041 248
867 886
471 657
863 1410
1591 688
1621 1762
703 899
911 1868
343 593
642 889
468 1527
1108 1887
1035 591
452 270
1446 1357
1150 312
1563 481
1960 1578
1148 239
1074 1485
1175 76
387 555
956 1466
1663 1062
725 550
1705 12
1973 995
1137 494
1706 651
706 1705
477 1616
1610 125
605 81
887 962
510 1012
455 1076
394 800
917 841
1287 1606
1782 1814
1172 1067
1750 815
1640 189
779 89
1102 1008
512 1731
1217 1483
1248 833
1602 1065
1239 1013
296 386
838 440
1789 891
662 1675
127 1102
574 1791
149 861
56 633
1842 525
962 1378
594 982
867 323
1784 1715
1755 785
810 1775
1813 238
133 1267
991 1032
832 221
1200 1142
1184 380
409 1552
877 674
524 1273
218 1755
1773 1943
1699 1240
374 282
1969 606
1294 1191
1024 1330
1510 1489
1983 1938
276 161
92 340
307 228
1174 79
298 408
248 816
208 1683
1124 1655
1628 434
921 572
1024 1222
910 154
1397 272
650 752
1517 566
1510 1610
1635 558
1358 1741
895 519
1177 1437
652 798
456 886
1373 1083
134 1626
425 1573
1302 385
218 11
1080 1504
1527 732
823 1848
1403 208
147 1299
1686 496
287 1050
120 644
1114 1502
584 1273
1914 94
1618 1035
1315 1263
619 476
1510 684
1699 1374
379 760
1358 815
1552 1849
459 231
1486 1266
1565 327
70 944
1355 517
1303 327
353 478
599 1702
1813 843
1163 1515
319 830
272 755
470 245
1762 1780
1495 1436
1001 406
1207 740
1508 1900
281 1477
601 701
128 252
513 588
62 1884
1727 1678
1670 915
961 455
1570 1731
1482 1618
1184 1924
1275 1288
1965 45
1507 399
1224 47
1785 343
305 6
582 543
917 304
1863 1202
426 1464
579 1706
167 715
991 1650
633 1942
1825 1324
1808 1680
760 1754
1622 1224
206 148
1121 713
887 546
1331 294
928 1301
615 841
637 600
1205 1875
1998 1511
253 1428
1708 1678
1446 1412
1563 765
584 481
1984 795
1633 1275
955 128
1659 244
1846 336
287 1426
127 1962
610 884
97 1036
1143 1118
1185 1758
1587 1509
1611 1866
1270 1344
470 500
891 493
803 1548
66 1026
1468 1938
1529 1396
1238 200
1189 1247
1443 309
1930 427
314 983
145 1211
1881 1474
1654 1697
947 1835
1809 1305
840 1709
102 1514
838 616
1736 1766
1863 1807
1586 1004
1021 737
642 152
1249 601
929 1148
1971 1754
87 1327
1844 895
786 281
266 1972
729 1733
230 100
746 1148
1274 1304
269 1977
1802 1423
1212 160
167 1212
618 1902
1967 1002
895 224
1975 1351
1992 537
1716 602
1891 1357
1783 134
1289 794
721 1505
643 1851
230 221
1355 330
355 1384
1451 792
694 584
943 1554
1774 1482
72 12
1631 1433
1097 974
1 1300
1269 34
1696 1010
590 648
1145 641
1075 1565
78 1641
1840 910
582 1403
1792 1364
1711 1668
173 1649
1389 1388
1819 972
1178 387
612 1696
710 807
200 476
304 533
1422 1686
837 767
680 1049
597 1280
224 540
1490 100
1619 739
361 249
1080 1922
1226 1976
1684 639
1912 503
341 536
1287 414
1309 698
1150 1348
350 1295
255 240
850 1581
1483 1265
1120 947
404 1531
968 1573
691 770
469 1889
1438 1522
524 1596
492 826
1569 1453
366 1653
1405 527
1539 1281
1181 1573
1488 1235
82 1601
1202 878
1799 1622
1467 358
1587 1214
1188 1468
1384 360
1470 400
169 1489
1943 58
1365 347
1232 757
263 895
134 192
1003 1836
1469 1343
718 886
1215 1692
1998 640
552 853
1589 886
611 1433
213 606
1286 296
1365 360
969 131
769 1992
1650 1512
213 1545
521 1661
240 1382
522 314
1263 1480
1180 1482
526 958
1591 1053
940 1995
443 960
502 1503
388 206
1599 1816
1134 1716
1855 1247
1218 138
581 1015
879 443
1013 1426
1887 1990
433 622
1365 602
1678 833
549 1736
585 1430
356 1570
1235 492
1854 995
1978 536
343 1079
1088 967
281 1921
335 1632
1670 1588
1789 785
166 399
252 1634
453 1624
511 1336
1837 1701
827 1313
252 816
510 1377
713 1965
1465 1075
1033 1152
648 1570
1164 1901
1389 33
1361 954
1029 1447
1275 685
418 1559
1913 1467
545 1334
791 572
452 1106
1467 626
135 1170
30 1642
962 1393
1550 1792
311 349
1340 787
1531 1550
488 1739
1 1355
417 1041
1155 970
1215 1021
1602 1430
1714 210
289 1758
1514 1088
123 1991
362 287
1879 957
631 1909
1118 41
1414 857
1052 1673
145 703
439 692
265 1293
1558 1252
101 138
1716 1838
214 1476
83 993
1000 170
380 462
1626 632
476 695
1159 1920
1283 229
85 544
95 1003
1911 966
1667 111
1383 581
175 474
395 706
276 526
663 1460
769 395
161 1707
1656 632
133 1645
1869 1908
862 1754
1791 39
237 1702
815 1413
1959 1838
1088 525
11 1655
1580 987
1919 453
7 193
1017 1813
764 172
1227 1394
922 758
901 1867
736 73
106 1892
1219 981
962 830
1141 1061
549 1186
356 1020
457 1826
1916 1323
560 527
266 80
1847 1452
1186 1743
181 1662
1752 168
676 1641
1598 1916
1386 1279
914 237
582 1713
1769 751
1621 1819
915 876
584 1759
1434 1175
768 1351
1702 697
1034 1995
385 1320
166 199
1656 995
1382 1924
179 663
1275 1303
923 1117
1535 1873
217 137
1428 1518
203 1959
922 892
1882 1688
722 538
1317 1650
1081 885
1451 189
1468 1819
492 1015
1352 1644
600 1780
495 266
1369 1059
1171 549
715 269
1668 1355
36 1149
1784 483
120 325
1085 482
1881 1584
1931 947
1313 80
1476 1535
1957 1350
1616 1286
35 631
391 1498
310 341
1705 311
743 1657
1877 832
1167 901
1931 1068
764 1716
807 100
218 1920
1441 652
1386 716
577 806
332 221
1834 317
1170 1091
430 1318
313 1965
273 580
1781 427
1091 1966
1447 847
573 54
1374 1766
1718 1310
1890 599
1444 549
907 573
1569 958
332 113
433 690
116 983
99 1339
122 1700
1656 324
1133 283
1779 889
1392 214
1822 1259
383 1448
1370 1135
281 1171
1179 335
1697 217
504 1859
1624 1890
1385 1379
409 575
448 1698
730 630
1642 1678
38 1342
974 761
1576 1095
1624 614
152 1821
579 353
519 73
780 343
264 1015
1428 1089
1354 1103
187 997
817 935
416 591
669 17
555 935
379 938
1363 1337
1831 1213
1769 335
530 1107
1218 461
423 715
464 753
417 412
95 132
513 645
12 363
275 1002
1579 1608
285 1195
379 1059
1193 1572
699 17
136 1072
554 1585
227 1190
22 1724
1104 1234
880 1755
1768 231
758 597
1077 579
1853 46
1085 174
653 251
1630 1694
1411 869
1696 1496
1407 1393
1443 1050
438 1760
512 1480
370 313
1102 1925
702 1991
191 1775
1705 1171
1323 877
953 1078
1579 574
1661 347
33 1603
1695 1917
1385 937
829 719
65 1555
352 1319
15 916
1314 1178
1902 1577
1699 760
1083 491
212 1201
1585 1412
747 313
1664 473
1079 1540
62 210
1374 411
1346 83
1480 1066
883 1076
1767 113
1497 252
1994 1287
774 1843
1359 547
385 570
1952 1290
727 1768
1109 1833
770 152
1346 1251
427 1210
1406 70
1595 6
1688 722
1517 315
180 323
507 452
233 1381
1439 1415
1600 1518
1576 895
1447 1010
786 1035
876 1194
425 504
728 276
1227 1946
1010 1194
488 560
1677 196
245 802
923 488
546 1962
1193 83
484 855
379 1556
1162 504
957 1267
396 742
833 1497
1939 1364
1154 1552
1066 1210
196 1327
52 1282
1747 1544
1929 538
504 625
1457 1482
47 1877
819 673
880 1326
882 1924
80 1236
1032 902
1598 1542
1008 279
636 1868
1665 320
443 507
861 1986
43 307
127 1469
92 694
1320 1719
702 394
1325 1568
1741 1483
1920 1714
1866 202
252 831
360 364
370 1052
1266 1109
254 877
961 1493
1314 857
216 356
1964 1676
1437 964
529 1755
436 1527
1138 816
448 598
1530 108
702 1683
770 1817
1236 1324
319 1881
508 1817
1831 221
826 931
1843 1507
300 821
1522 1802
589 1634
64 729
788 531
104 1296
534 126
809 819
1903 861
256 1838
1109 1525
1663 879
355 1817
1124 867
1418 819
1101 1112
1080 6
104 1417
1233 1002
1016 250
1967 509
821 11
1251 1056
1129 127
1118 1695
1471 830
629 1009
1052 1112
1678 1803
1401 1000
1547 1054
1664 407
805 188
810 532
32 1433
1221 1069
725 1885
797 1007
697 1823
1387 809
34 1479
901 1064
884 1420
801 1880
1743 592
941 1136
1037 1598
1040 1115
1967 751
1296 546
1737 1457
378 1669
1243 656
749 1316
293 1036
793 1359
1378 63
569 1614
1061 127
1405 1886
335 1218
594 1149
20 1557
405 1893
1059 202
977 1072
227 574
376 145
1372 1830
1828 420
1258 267
1748 131
275 507
1099 1442
1620 885
1902 1766
1878 1180
1186 135
1506 1537
864 84
1129 1321
1502 1832
1569 839
1187 737
1805 1604
158 861
966 1034
628 221
1249 605
597 679
323 1571
139 1750
538 1267
1930 1720
300 163
570 1973
1332 1542
1540 488
35 646
392 395
70 869
1935 1017
1749 1830
758 452
1976 789
205 276
310 1753
1404 334
280 864
932 753
1637 542
1850 1589
1102 383
806 1324
954 1976
434 1681
642 398
1602 440
1440 378
1835 678
1055 981
1065 208
666 1694
1738 745
1762 1368
1787 378
1343 1384
1589 622
1964 1960
1004 1689
1274 1550
33 1458
196 698
662 1400
1679 552
1861 263
469 1759
1558 491
524 1466
68 1186
1884 432
1562 152
922 1512
127 1766
990 1912
1673 1151
1435 47
1751 1973
1818 1734
1386 1094
42 352
1556 1734
1881 1036
1480 692
1504 1086
1122 755
807 1646
1920 735
910 347
1794 1791
1365 1156
18 668
1955 204
310 22
179 1525
886 1121
745 1182
1995 505
815 194
837 1939
386 17
902 1102
604 1408
1141 1118
1122 876
1228 1272
108 1995
77 1662
980 1695
1952 808
1941 390
496 599
1979 682
1146 415
623 374
208 132
1834 1984
244 1775
1137 595
1193 1924
1613 295
1120 133
889 1698
249 843
140 1839
1484 1349
272 1995
676 1819
456 1550
108 1069
1749 1509
142 1885
326 245
1398 528
1522 823
1654 454
47 564
1399 1921
380 1942
1803 1745
1354 421
1027 63
1072 1526
20 1370
1949 1570
443 12
1969 465
944 1462
321 1483
1508 1275
1737 115
1323 1000
292 1721
1164 1879
445 731
211 564
692 608
733 380
783 726
1161 1581
1197 1009
1153 939
1848 1235
898 1881
1805 370
449 328
973 1008
1802 72
659 552
86 690
789 1830
804 152
1984 1217
1153 1060
1929 527
1540 1240
974 563
1987 468
583 678
1827 250
1825 1638
1980 1512
970 858
1370 11
663 149
1859 956
358 1499
129 1676
1468 842
482 1040
1791 1761
1414 1774
1400 1839
1243 1892
1150 910
1052 375
1504 1933
1524 599
1089 1196
1541 768
1045 335
448 116
926 909
382 1977
1342 558
583 1738
1703 1769
1477 1951
1378 1420
1825 1880
1421 1790
1283 99
720 925
866 979
351 799
1168 792
1624 1597
1510 1495
1928 22
171 868
1859 151
484 1099
1136 1779
1294 150
455 1566
121 229
1979 1421
1272 1559
1516 199
246 1163
53 997
237 1572
1945 1773
1824 1254
740 651
158 232
275 817
663 633
864 394
475 1336
1005 1336
1810 272
1644 505
1595 1781
752 338
418 987
1163 1858
1040 741
1038 1863
322 232
1936 798
833 936
1114 1858
1792 1544
469 659
1928 385
1432 972
1590 1558
1999 36
1500 352
1369 1855
1064 1219
1790 1848
1949 1612
473 256
942 1229
190 1365
1051 1401
1782 1620
1675 1494
261 1016
1336 1799
188 1706
95 1478
79 716
1805 291
1675 218
1634 180
1343 1694
1002 1401
1458 220
1929 1266
632 141
1340 1396
1687 686
806 937
557 1953
1026 940
1778 575
1764 640
186 963
1881 1225
1347 1291
416 1950
782 1482
808 488
1358 137
1091 776
741 663
1474 1517
827 1935
1338 424
949 1366
1845 1918
1026 832
976 1240
1172 886
322 487
1041 1369
633 83
1626 73
1794 1872
729 316
1854 691
868 660
1938 1099
301 778
1465 1818
594 1030
812 435
1273 830
1235 309
440 563
567 1836
517 29
6 1274
477 630
745 1842
1384 782
1162 440
425 1608
46 794
1333 1490
737 153
539 434
525 499
1115 1533
1614 197
1767 1459
748 19
774 974
1842 815
1818 192
1338 787
197 1865
1998 1062
38 1091
1870 1062
1412 184
1242 1493
1947 1245
968 961
988 1842
1399 1413
1733 535
1079 1960
544 633
1562 128
1027 1541
56 815
1739 434
555 684
1152 674
1396 1263
720 751
556 91
55 1758
1225 1381
1064 1958
474 695
761 1920
434 1562
1733 1824
310 1755
418 800
167 1218
1849 952
68 946
680 1968
269 936
1055 1091
1248 1257
587 1511
916 518
1380 1147
1846 1886
1078 28
274 233
1308 224
160 885
1180 978
741 113
1752 1140
12 1401
1144 503
812 1979
1321 1856
1190 390
758 696
1496 396
1353 1845
986 331
69 888
1182 1963
1626 691
875 234
764 1157
91 1586
101 547
925 994
467 116
384 118
427 717
1872 279
1626 812
841 1754
1333 1987
1917 961
1425 758
8 1938
1923 217
479 1294
1895 155
451 1461
878 1528
1984 1661
1583 563
24 1653
330 942
1689 1218
1823 1972
1298 1104
310 963
330 124
1397 817
209 1820
1224 337
598 612
1828 1269
453 194
575 1877
530 414
621 1764
760 876
1718 1811
66 953
143 153
1232 871
1879 453
575 601
533 833
1221 187
321 196
1207 1043
1871 40
706 532
928 1133
625 1361
1903 1978
848 1110
1447 1698
1490 348
461 435
1440 756
220 1312
1465 1981
1783 866
1559 1350
1335 181
259 1654
992 1010
1914 531
1299 1167
370 438
1127 646
1524 1514
796 546
192 1600
1116 1948
1269 995
1009 1593
1513 1355
1891 1981
1077 1993
559 81
1975 928
1046 199
1405 775
1520 1516
295 1957
1717 1801
1173 654
488 551
1973 1232
445 1901
500 1608
1713 1830
1434 429
1606 1704
1274 1231
162 795
895 151
203 1321
1576 778
743 777
414 1770
1587 415
1876 252
389 959
1294 1065
451 1837
912 734
1364 77
249 161
25 1436
479 852
1145 447
19 867
1631 1589
1552 313
483 1496
803 683
271 1088
1269 190
1250 1897
1505 1369
600 1034
1804 470
1637 1296
238 1850
1432 598
1814 663
1678 1068
453 1509
91 339
1347 1951
1362 539
39 1640
171 1796
474 1568
74 1863
1593 142
1641 893
1059 1669
87 341
1174 195
651 154
1272 501
1910 263
418 626
605 452
758 1448
682 635
897 560
1752 1074
584 100
854 1910
93 11
355 1445
11 1635
1501 445
1847 853
1642 1616
434 1509
420 1574
1134 917
447 216
1521 1097
607 1171
1171 1213
1821 1066
1367 630
1847 35
1320 555
632 935
1831 1259
642 1394
810 978
1715 1084
483 583
803 1985
1405 104
1654 1074
1174 208
437 1110
898 273
1741 1716
738 809
27 717
667 111
639 278
947 394
305 698
568 1566
721 1808
1182 971
189 486
37 883
434 1751
84 1867
1848 1734
1997 1268
1563 518
298 1826
1022 1103
325 1700
1168 928
691 1757
1953 151
766 130
1870 1614
1921 613
505 1523
632 1298
1234 1632
1647 1047
784 120
1812 562
1272 877
1683 448
108 1005
404 1821
1849 1383
173 905
653 310
1976 175
188 1708
1165 1919
410 323
1105 885
76 972
1498 1045
1687 1735
1637 1914
1845 860
67 600
1619 1042
34 194
1111 1575
1866 919
1857 870
1337 309
24 903
992 1065
1763 188
1675 341
1859 650
876 1119
1203 1285
955 1412
198 1958
647 1296
1731 1404
1330 306
781 64
1954 1153
317 603
1867 1679
396 667
1132 1984
1275 1538
368 605
55 108
1581 827
1414 421
736 1489
261 213
1126 1415
715 383
434 141
866 552
1234 719
358 1314
1703 1692
901 21
1768 1821
371 1778
221 33
768 431
1464 363
779 31
904 1194
651 785
1234 840
692 557
955 1425
1380 894
1588 1072
1402 653
1223 193
710 1594
1770 591
1697 1015
921 1548
621 1256
1001 1248
500 966
820 153
949 563
998 196
1812 709
26 817
1485 314
1715 1005
1353 1821
1109 966
1484 843
1504 1761
1808 415
1906 1475
1099 1675
912 802
1691 769
244 114
63 39
1577 1421
11 1569
1563 1257
513 275
554 47
1575 1533
981 1023
1408 336
549 1100
213 922
1701 1083
1498 266
799 228
1499 1888
90 1754
1941 18
1700 1649
923 1728
651 1269
1611 1311
1358 865
1308 1273
1941 957
1260 330
437 1983
972 1095
1340 30
1701 1204
1195 578
1475 1386
1363 162
1630 277
960 1206
1970 1365
911 792
1914 1204
1007 271
1081 220
1215 1203
1506 1904
831 45
958 1281
461 1000
1247 1155
223 1586
1761 1376
1284 1976
700 1696
1142 580
144 246
567 120
147 1712
472 1280
725 1460
54 1521
293 1537
1798 1379
1908 1776
98 544
1490 1034
1823 914
472 233
685 1280
1590 1386
915 1971
850 1347
535 289
1240 1273
1207 1850
527 1071
33 536
463 1581
1707 1907
1084 696
1588 1690
1261 1332
163 1814
1699 511
747 64
1741 1905
669 373
1968 635
1918 1043
679 1586
596 1817
1690 1859
1055 1348
1201 1402
498 1430
1387 1794
1490 458
838 303
1316 1096
1489 758
1902 173
754 309
518 298
1079 365
1137 1767
254 1191
1329 1937
1776 707
631 360
1808 925
1066 22
386 263
833 1477
124 263
513 75
1972 1521
712 958
1171 718
1558 1918
794 768
756 476
1484 1703
905 1767
1712 1338
554 1015
454 1831
160 1384
139 507
1601 1470
183 1782
848 186
1044 1818
1228 1410
1460 713
768 1654
1566 1405
1468 833
581 1010
1061 186
309 322
185 515
766 1958
1642 1134
687 1436
126 1103
1149 1238
1966 1460
741 1901
866 849
940 835
1358 557
637 797
984 87
1627 947
490 1272
1725 1290
919 1126
477 1976
1437 594
351 1608
893 1891
182 109
506 169
196 1441
1003 221
488 795
880 1319
1582 1591
985 1372
1571 678
679 1265
1281 1370
1926 88
398 757
807 1450
710 1783
999 1620
1916 834
1821 1994
1900 72
1296 1089
1867 1881
1082 608
261 873
986 1314
281 64
1258 1736
673 817
738 1737
1304 162
1320 1604
878 1222
294 1171
435 881
1644 1664
317 108
816 758
1299 1666
168 1705
844 39
791 701
262 1340
64 601
229 934
1746 1833
624 938
1949 206
715 1056
1534 1913
1212 1862
935 1096
546 1284
1179 1456
898 1443
1972 1092
1939 915
1052 863
1988 319
897 1743
448 1651
1227 1618
1776 628
40 365
1855 921
1872 336
1231 47
202 1595
369 311
1006 1097
1252 106
457 1592
1310 1508
1504 327
1929 1028
1702 571
535 465
1822 636
472 1577
18 1895
1835 1100
615 1885
224 14
1368 402
1483 389
889 1865
1921 1783
1479 647
1632 1680
861 1537
625 1526
1352 579
1900 1845
1389 875
28 489
1547 1986
309 1182
1661 287
97 1262
1010 1229
1492 1232
1896 1093
1557 1398
493 481
765 903
658 777
422 1998
405 368
1339 1404
821 17
898 1698
1742 1794
101 859
1957 1224
1914 588
384 430
1640 1288
1492 1353
664 713
1385 998
1693 1114
755 831
182 1198
1878 113
1356 711
544 1550
1624 233
1047 1124
992 1188
1219 184
1026 18
1478 1576
714 426
1058 495
385 1678
135 978
1494 1291
1607 414
1970 991
664 1773
1959 344
975 1894
835 837
431 747
212 1612
981 662
1937 1753
944 1534
1577 1181
1405 1892
1420 709
1883 470
1714 1415
1012 1143
578 393
1585 1944
1569 953
1696 994
113 1498
1331 78
1195 217
892 1199
1711 1302
1155 1838
64 293
1258 273
371 1204
99 516
1522 319
121 275
467 683
1974 1123
1821 881
1299 1479
8 1566
1123 1253
622 1725
1900 127
1478 663
29 1625
803 753
37 1745
1100 451
1401 1611
1153 314
1399 1538
1894 1480
177 1230
447 1091
278 1282
1341 779
937 689
1723 615
942 804
401 1618
434 1566
991 171
163 514
1811 435
381 1639
1537 1364
503 353
654 751
236 763
1118 1151
1654 1131
584 1217
105 694
1559 1796
17 352
1990 33
295 296
1284 1039
1747 800
408 1634
1168 1093
359 1220
1245 1084
1319 1033
1169 271
969 1149
381 484
1795 733
1812 148
1392 1511
220 1290
1615 1260
1302 800
540 248
1780 344
1255 459
162 302
306 1478
1099 1114
161 831
507 1239
378 1354
694 1065
2 20
1475 1401
64 669
850 1578
910 1629
153 189
1927 744
1999 95
1118 346
1276 1686
1649 1968
1544 454
1446 1114
1857 914
1200 644
878 364
998 695
506 721
1956 398
746 1871
1734 1517
252 316
568 818
320 716
1478 1039
490 1127
1169 1452
1685 1746
1279 1058
770 952
1535 755
1712 159
1428 1568
597 1411
1710 463
915 1986
1599 632
501 131
859 593
1251 1117
815 1718
101 914
1183 1885
250 256
1335 1461
1459 1002
1778 755
212 378
620 203
439 1360
86 1959
948 1466
848 67
1194 475
748 883
359 1825
1493 771
469 1202
656 1294
374 147
1473 1287
907 381
1103 64
380 1130
1817 868
1648 1813
1710 476
63 1948
225 1781
1264 884
1257 1928
1570 173
517 1135
340 270
1341 121
1652 1703
702 134
1368 712
1080 1477
309 1371
462 381
1723 1583
598 979
1845 1051
902 424
938 81
544 679
1736 1818
1989 12
1794 1234
1911 587
1300 433
1666 1988
515 163
1903 1177
777 1826
624 564
557 1328
1978 533
1154 1318
730 1485
190 1800
928 1729
1084 27
1032 1823
292 1259
1357 1125
1945 1524
1554 1639
501 615
1762 356
1664 1770
1829 1349
1679 587
1027 432
1183 154
684 1261
1917 415
926 1023
1996 1462
1528 1357
1880 1250
1754 653
14 877
1084 1316
1342 1611
1374 1829
753 1216
1718 1373
485 1438
571 687
1519 1429
910 153
1677 783
1049 1214
799 285
458 1978
353 464
1194 1080
1765 1835
1491 549
13 810
1122 911
1657 23
1965 139
1129 1624
263 692
1159 978
925 811
25 1803
241 115
1483 1075
1340 1255
573 359
595 118
1500 224
385 1291
373 1237
405 223
238 1049
1425 804
845 0
1927 1725
1654 1307
388 1747
1838 1653
1592 163
1487 672
1943 915
1267 403
1364 1733
585 1214
1898 391
1588 1626
468 171
215 1940
1003 1646
1648 1384
1799 1782
1 1836
770 1115
127 780
820 478
1291 329
823 224
382 252
1613 1282
1733 152
1865 1503
1846 1261
1519 866
139 201
271 1818
116 483
1556 1916
1215 1623
833 1292
107 434
1562 684
1660 1744
1969 513
336 1654
140 1779
486 201
1000 651
1095 1477
1607 1100
1824 1623
332 1949
977 933
607 1659
1043 240
1695 920
733 1246
1994 1216
965 586
1359 476
1036 466
1067 1765
1024 1129
1241 1652
578 1308
1457 1169
1933 1098
123 620
930 191
95 787
1836 1165
1436 1460
405 720
895 318
538 1249
211 854
777 1531
517 143
1057 1814
1974 991
1408 85
1612 117
290 100
1119 1645
419 510
1095 793
601 258
1246 1191
893 1827
587 94
1853 1640
17 207
359 1893
1589 1530
101 1103
1883 1519
1093 1363
1929 1635
1836 1407
1939 367
1061 364
1455 1715
741 911
901 146
773 1129
1774 1468
1213 1135
731 1657
433 1963
1816 647
602 200
705 1604
1777 1887
1163 267
1756 781
658 1263
1625 69
785 92
1313 211
332 1507
258 1329
979 860
1459 265
1508 652
1924 1533
544 868
310 701
1053 782
1875 1348
15 524
1491 1651
837 861
401 1499
580 1501
1655 32
767 1327
1444 1017
1753 1772
1736 142
1725 1710
501 804
1547 620
1149 1779
1741 1425
1297 445
801 278
1035 216
1590 438
894 1674
1838 1479
1530 1326
852 216
744 417
1039 42
516 1
461 65
1794 618
508 820
107 476
1809 1680
363 173
974 61
1963 1595
3 1587
249 825
777 1210
1782 500
1769 1729
363 1341
41 1061
1854 1544
1114 751
1711 741
959 1631
396 471
451 178
1127 1215
640 831
1256 1100
1670 151
827 694
772 758
1742 1259
733 241
210 725
1770 503
1168 169
731 168
1125 1290
975 528
1312 1345
700 1003
787 1645
181 1835
895 1178
93 1722
1392 1984
1316 1208
36 959
1956 1568
1763 1173
763 241
1625 1734
896 770
483 1126
1338 1640
1097 531
797 10
1857 1976
188 720
1974 575
1340 1686
1885 991
1816 1157
1184 126
664 1588
1992 565
1486 1925
1890 288
966 1889
264 1617
1852 1753
840 1521
694 1201
1645 1689
649 1953
1583 811
1712 1450
1141 429
58 960
913 1245
1689 1466
267 841
1146 1941
1010 131
1586 1984
524 1140
744 1143
1243 598
1730 191
1554 460
1604 52
1504 639
1466 118
920 322
223 1148
995 1664
1943 191
793 483
1944 1813
1190 1122
397 25
1567 1597
703 1263
195 39
1206 1066
325 1317
1875 1161
1190 304
1654 704
1731 887
1784 1945
175 1494
968 1130
1223 373
316 1618
1923 1996
1720 1408
1527 1538
1088 148
1340 894
1448 1888
973 1366
1871 530
524 1274
1635 1714
1862 710
1934 61
909 1610
828 453
351 565
16 1972
1685 259
389 268
611 869
1791 1180
1538 734
1801 1373
1751 1781
132 871
1083 1093
1086 381
998 497
1117 448
64 1410
143 1703
265 1400
1168 908
1223 615
1357 1598
1345 312
1947 380
489 1559
1604 1246
1306 1552
258 1626
989 384
913 803
254 1921
1350 1329
25 637
1886 1309
107 181
1268 213
1170 1627
1736 89
1383 688
1959 1824
226 1041
54 291
4 699
463 230
716 410
513 576
308 1110
1190 1727
622 977
1172 397
265 1642
1242 1099
672 1737
1292 1630
161 1935
87 1757
701 1162
1974 1664
1857 850
1592 1104
1793 1094
1111 508
101 608
1565 449
1962 1317
537 1175
1049 532
517 937
1379 178
1611 1504
1583 1671
1480 755
934 1225
910 639
1426 1687
736 1240
1605 1689
1561 1094
1869 1210
1702 804
427 899
900 1119
645 75
1340 1391
1216 830
1164 411
1021 591
1332 224
1167 416
1259 1402
844 177
1716 106
1334 1990
305 128
1919 694
556 1696
1203 1507
1620 1566
121 950
771 1998
912 1708
1658 1269
774 1774
913 132
1522 176
868 884
1594 1513
1934 1847
635 124
483 255
1030 653
1928 1803
1159 309
701 1417
4 28
1111 763
1990 1634
166 1487
1601 361
1692 1940
1865 1868
1194 1700
807 1254
903 962
915 70
297 1189
378 848
758 86
1470 1046
1100 1018
1282 995
1989 1116
1643 479
423 1264
920 1316
718 135
436 974
1313 1247
48 340
576 725
443 1135
78 219
1561 302
1456 774
919 835
1079 787
475 1841
1022 1485
578 276
1209 1311
1990 1876
319 510
264 1806
231 1629
31 1275
815 862
1575 587
422 379
644 980
617 1786
1128 541
1541 710
1314 1714
696 389
1384 1958
1007 22
267 212
1321 1609
1042 208
476 1554
226 854
938 1319
1525 621
323 1689
1935 196
622 790
1551 1253
1804 1470
83 1973
1325 452
1385 1486
1677 840
572 1383
1487 716
1869 552
1607 781
1643 963
1500 160
579 1507
89 182
140 413
1022 801
62 759
471 1681
841 460
1475 1500
224 757
1504 23
951 1271
1219 793
821 1915
1760 851
1732 789
1297 1386
529 760
1232 1900
1346 753
480 575
1688 453
1163 1800
287 180
720 1230
539 1155
635 863
432 1995
1029 1985
834 1746
880 1862
1131 1215
1212 874
1477 391
119 717
1540 1908
855 1805
1925 258
1331 1505
985 868
1496 1572
1867 1485
84 881
1676 227
862 1700
657 248
820 1703
756 227
491 481
1246 1811
1449 450
1218 1978
977 869
1545 158
10 1834
461 309
1044 401
1503 686
945 1819
76 1141
1967 1958
439 412
694 1190
1483 1616
1562 1909
895 951
1096 941
805 240
1720 1034
316 1244
997 410
1551 1521
367 14
1234 1814
1822 1984
216 1013
770 138
434 189
651 712
1621 947
874 195
1051 1814
667 656
1436 1167
228 1023
534 312
508 1306
1439 1172
556 825
1251 1350
1509 1874
1741 1214
874 1134
84 1015
1372 593
1446 542
1162 1537
477 680
1941 521
1653 54
471 1131
285 1678
653 613
1936 1574
1893 709
1485 1409
506 1088
889 72
1202 303
1530 1825
1091 960
1170 1253
280 1950
1955 1974
520 1373
1162 611
363 672
1887 1281
1369 1584
1654 1753
1038 1484
1487 1576
1936 419
950 1371
1628 1700
1692 961
582 157
324 1619
833 1725
652 896
1828 1990
1107 1476
773 139
341 216
1129 1723
1542 1138
444 866
580 498
256 1569
698 490
1737 596
639 1078
1718 317
1769 1531
1413 206
1313 268
506 1451
1989 1305
1011 1889
1687 186
285 994
1269 198
835 909
565 1802
1041 977
1858 1007
92 801
993 1202
1208 1090
1846 1118
850 1382
1845 1418
1778 196
489 1561
1308 395
1506 676
413 748
1653 1369
1959 887
653 171
1771 1590
1007 440
1014 1382
1943 1845
1234 1385
766 1280
1655 1149
1352 1377
1484 1267
639 1212
752 335
833 1980
1066 1922
1890 908
1183 292
583 233
1820 849
823 1154
183 299
1888 1249
1884 1773
979 1401
1942 1485
1675 1370
703 1991
1245 96
699 300
618 1395
1183 1810
1572 1622
1572 1393
1272 1101
140 1770
4 943
618 348
1777 1502
896 1524
1162 411
893 1226
98 726
1536 1561
1613 1286
102 1599
231 1255
124 1129
1559 3
726 1234
359 474
94 957
1107 108
1377 1689
1504 1501
1521 650
516 1360
837 1415
1198 1165
1148 1573
67 716
573 1076
497 300
1338 650
166 200
496 75
979 717
1702 1048
1910 1226
893 650
525 254
1373 1812
506 1961
311 968
168 1148
1940 1105
999 1076
799 1954
508 1253
1810 995
432 211
1335 473
194 1551
1111 765
209 139
803 383
1749 527
111 1553
1718 1177
737 258
57 270
1879 1805
0 1722
1385 1233
1182 416
1187 723
1992 1682
490 1320
1892 283
937 319
1033 27
852 1938
1702 122
611 792
1896 402
74 624
1097 722
1661 764
1131 1767
620 1551
630 24
618 724
957 153
241 737
1500 1075
268 574
381 222
1604 1169
1365 658
1910 421
1115 712
1843 1185
161 1387
1955 874
697 1367
272 437
1573 543
733 795
1533 1410
492 211
125 912
328 746
791 507
1614 1483
136 1744
483 1559
1689 839
1331 1131
706 1079
969 1947
128 1102
1034 615
1715 1242
842 1088
1169 22
1864 318
1162 800
1757 192
544 1919
45 515
1096 446
170 1449
464 1667
562 1973
1885 606
1902 21
111 1808
1484 33
651 1493
587 1737
1571 1907
841 341
1973 1658
88 1272
1375 1443
1727 1602
1672 1666
1675 1183
674 1103
1272 1961
100 1511
1206 1378
98 418
631 1147
309 867
522 1914
1945 1717
296 110
831 1437
1001 1619
235 1820
1955 1358
1489 390
1471 979
394 1355
522 49
491 470
1029 1048
862 642
996 642
1787 1895
414 223
925 173
133 1930
978 1756
432 11
972 1453
394 1476
1249 41
1254 348
58 1527
175 880
1916 1487
115 600
1202 1915
84 762
298 950
1445 855
1200 758
1446 1228
1406 863
1103 1091
248 311
1208 124
3 1941
1187 1233
553 1361
711 715
971 1874
1129 1228
1547 987
962 68
327 1543
762 1700
198 1658
1106 1281
1655 291
192 1584
1687 738
1921 676
1828 448
1446 1578
770 1066
1932 276
1377 697
491 604
797 122
1611 635
960 1577
1363 1701
26 1672
1846 623
377 209
1630 998
1062 1709
269 612
798 1636
758 22
935 1641
1408 1070
781 1174
1794 59
37 1430
1797 64
1803 1047
774 1134
237 1195
180 432
1694 1814
1856 415
1250 605
1533 405
339 159
270 325
1498 1350
385 800
1838 223
1656 246
1360 1416
1029 1545
848 1470
254 731
1837 523
1312 1833
1964 1530
1987 467
514 1072
1407 1878
836 857
586 157
837 1725
664 1016
1607 1414
425 505
619 1273
51 1984
59 384
1616 416
124 513
1110 315
238 1029
479 1909
601 1606
740 1913
234 92
126 64
1499 1938
441 570
375 216
1454 209
922 614
1381 899
1190 1368
1689 786
1467 1905
1479 1205
59 1444
921 914
761 696
985 1609
520 1509
1600 1882
1626 851
783 162
1865 1133
650 47
321 1040
1918 730
1604 311
217 690
1280 1382
320 1340
344 1697
1302 1895
693 390
323 591
863 47
344 650
812 755
1517 1968
1006 1789
1109 453
474 1928
1238 863
367 1802
138 1979
1480 625
1676 271
1994 846
1550 1098
1147 1913
1761 1318
1539 1205
1002 1266
1733 24
1610 856
1238 1213
790 1760
1208 287
1593 394
192 350
321 6
1410 687
821 1046
1475 1570
661 828
1542 577
167 1754
528 1467
624 946
1336 1906
9 121
1294 1909
1518 1159
1815 857
1297 1685
1761 1789
968 463
364 1480
334 591
1368 1336
1571 1170
877 1513
1567 233
978 1824
1578 1560
165 489
1073 112
1327 1160
1262 536
926 587
1638 1281
1488 1522
1383 1994
1973 1042
23 261
160 266
872 243
1025 1239
1181 1981
80 1963
364 1493
1282 1804
587 195
1356 706
1104 1882
1706 1
1269 1986
1016 1540
589 12
871 893
1638 1294
958 781
1303 1984
467 1483
1546 1476
673 1551
1435 1874
1386 706
431 971
1608 1573
1654 1689
1984 103
494 1027
270 1548
1249 1640
1170 1310
712 203
524 152
135 865
592 552
1072 1943
946 784
311 273
192 847
672 23
1126 1425
398 686
1865 7
838 729
258 154
812 1723
1987 1461
440 1851
500 1902
746 1140
902 1653
1898 1123
1514 194
1617 1598
1629 706
1455 553
1358 620
535 1307
485 1715
1170 1552
1402 892
433 801
140 1451
1487 478
1194 899
397 326
1121 1552
732 279
1888 4
1174 1415
156 119
80 1521
1021 1321
1914 141
1208 918
850 1210
941 803
51 1234
209 396
1594 1893
847 912
1917 597
1411 725
487 340
201 1969
474 1044
197 241
1439 1955
1074 285
377 1111
1600 1829
1913 828
695 1457
1443 1845
77 361
985 738
1117 628
1681 441
175 869
1641 1308
970 349
739 682
135 1470
1459 742
683 292
1436 1024
1042 1622
237 471
789 1213
1833 202
1265 913
1795 1896
1423 38
258 530
256 1881
1071 1047
1258 873
1091 467
1550 227
1660 624
667 405
1995 614
1685 1620
1659 399
1272 1976
247 233
517 1814
702 1042
1948 1212
728 1997
695 1820
232 598
1861 506
1530 635
530 1460
1977 1849
857 1589
1825 1492
1990 1559
1816 211
1188 642
1630 758
582 603
365 80
382 1481
1598 1974
1768 1631
443 939
718 878
928 422
931 1925
1996 34
1743 1803
1650 1612
891 540
261 373
99 311
885 762
1012 1998
905 1872
564 1350
552 27
543 473
939 473
1414 1520
1082 1047
1365 581
1814 407
1053 1514
924 838
1625 922
737 194
852 706
647 1469
432 1315
456 1672
1939 294
770 1310
1905 1878
65 969
1519 122
192 781
1945 230
723 417
1912 53
697 1182
50 1371
1619 1228
1082 1289
1118 946
1980 453
1837 633
600 1020
254 612
925 551
1446 1714
1203 761
1318 482
1996 168
917 138
939 1883
834 140
1520 1865
937 1544
45 1377
1740 1639
711 972
1642 313
907 618
342 617
823 661
1726 657
1497 834
7 1795
1096 261
951 846
1259 1716
1145 1843
1945 472
227 980
34 851
1961 416
481 1799
1767 816
738 674
196 391
325 276
1979 1409
401 271
1118 1309
970 162
889 1257
1885 1710
1043 906
346 1732
24 1452
1290 1537
435 757
154 515
1022 968
242 1796
951 41
930 1904
1556 380
260 352
1201 152
1803 257
58 403
1918 961
359 102
493 331
1656 961
20 1868
140 701
1193 1496
1781 1895
922 1676
1025 865
907 55
561 1633
1736 1371
1137 288
990 1258
584 570
972 1618
1452 565
1414 273
1517 923
1496 342
1826 217
96 937
1775 437
1114 691
300 703
1038 1864
1306 861
1208 289
1232 683
1509 1449
1369 917
606 1389
1549 1787
1793 161
824 299
1999 37
1380 1685
1024 1821
1839 1216
829 1582
1006 1215
1553 1613
1025 1228
1823 1208
21 591
1934 1719
1129 1285
573 1067
67 478
1242 179
574 1706
1245 450
1353 1215
764 1574
15 1190
304 1064
247 530
75 1766
1929 1496
1229 361
1600 274
1111 1803
1531 174
1126 354
641 1359
1241 829
1874 513
320 1947
542 599
349 433
1625 977
1952 1106
1635 1170
973 4
1365 528
298 323
1215 1752
401 1010
1633 1511
253 846
497 1472
1990 1748
395 1195
1809 1407
1476 480
1754 690
1604 1160
675 431
638 549
1011 1814
536 272
1105 429
305 376
425 441
1134 1655
1403 1291
972 21
862 149
1901 1238
693 1131
1419 1006
1871 578
1873 1176
1392 314
855 375
1385 1358
1703 1933
1770 940
521 1024
355 1486
90 1740
1501 257
1067 1197
179 1031
600 270
467 909
521 1145
557 573
450 447
529 740
1778 1410
501 678
754 858
928 745
611 1038
1373 1361
1316 827
19 1163
158 275
497 1727
1338 91
319 637
644 168
1289 1138
193 1464
1846 9
1793 671
753 340
689 850
1976 1021
1396 217
547 1669
1696 186
1319 199
1694 1308
1313 1616
126 363
1158 510
1987 1826
1825 1010
560 332
133 753
1568 1842
670 463
769 442
1380 330
591 584
608 753
1652 1432
1117 859
451 281
1614 911
921 984
1626 1968
1123 1842
1758 138
416 1980
259 1508
1530 1442
1296 1275
1970 1485
1990 380
443 807
1372 1270
28 299
733 1283
1796 780
1237 816
1354 169
1405 629
1818 798
1288 1801
1334 1917
1439 1970
50 997
783 582
266 1524
1656 1150
1594 272
1361 1498
1621 1866
1347 1563
1856 1440
1259 1221
1250 1401
1028 534
1439 105
859 1516
119 723
1189 1162
924 1645
1039 171
476 1226
478 1824
1849 1437
1888 611
1900 1668
1444 1388
1172 929
1227 636
819 1336
801 1696
902 287
1807 393
1865 1795
1158 1933
683 657
1739 1161
1904 1494
132 1537
1962 681
1236 577
450 1065
486 493
408 1068
1557 1800
1194 1748
1743 758
368 1935
1180 1584
1622 468
911 1167
1938 216
983 481
584 772
1752 1746
828 1361
1143 241
348 1956
1645 637
766 1715
1139 765
1641 1915
755 1822
1257 986
813 1009
1229 658
1951 1811
1710 473
1018 1643
1324 932
1719 1690
1010 247
1092 545
154 262
1556 1174
661 1261
946 1659
75 1137
20 447
708 784
240 450
1334 1475
1181 1004
1136 1756
107 1089
1645 879
291 1435
764 1884
597 724
1581 1123
1336 1292
238 1020
775 730
164 576
1299 1410
1755 192
526 1194
1727 130
329 91
336 1033
1220 299
1557 887
757 797
557 1675
1589 1593
1437 1990
1320 422
114 1105
347 1084
1971 877
560 145
1749 10
553 923
890 545
291 1677
795 1439
1726 551
657 980
58 163
421 740
1818 1537
94 345
1053 1182
1101 1896
1822 1427
1039 789
426 37
1467 970
427 639
1721 594
726 972
1877 316
1920 1706
1665 662
1338 38
725 1501
986 1542
348 1285
1418 1724
1784 1027
1364 441
87 463
1950 1999
1845 485
904 456
298 646
1965 1075
220 1221
22 711
748 1377
1923 1078
85 767
1036 1255
1375 455
0 171
37 1221
192 112
1389 1787
848 682
1316 787
39 18
875 290
191 1809
602 626
1815 848
128 706
1305 1271
1057 1206
334 811
1831 563
253 1640
1891 614
576 344
1276 1738
271 1694
1298 1268
1580 163
544 1294
1847 1446
1724 329
1077 747
996 1051
1801 1973
1787 1846
1856 219
1571 464
1609 756
1747 168
446 1294
1731 1621
1220 688
1893 1454
1383 120
1391 1967
752 1980
1912 915
676 938
910 876
1629 563
1042 766
357 663
1174 922
1432 1446
584 1874
907 312
1058 481
502 492
687 1477
995 1593
284 306
224 26
972 1875
1922 411
597 1705
58 902
1952 290
1487 456
1294 61
649 1077
444 1611
950 22
958 1832
1505 244
1047 1352
1876 416
53 679
1903 1229
748 948
209 374
1873 1057
1262 1132
1286 1526
1215 1057
425 672
1290 184
39 636
1047 426
278 918
620 618
730 261
1795 585
1624 474
1154 1491
1897 1764
1541 705
87 1323
811 334
1495 1232
1216 1551
314 1221
1640 832
1588 376
1383 1435
1551 1248
811 455
1278 1355
466 1211
479 1150
1680 86
1857 1705
47 1227
243 873
279 567
1714 1656
609 213
1383 1556
1274 832
553 52
1408 566
676 388
593 619
851 1143
484 1615
711 345
284 1032
1451 909
936 729
1330 94
549 283
1051 1204
1949 368
220 1047
916 979
343 1383
969 88
735 1907
1211 1836
1204 628
889 1556
1517 859
846 691
1348 1841
679 285
1609 1616
1337 1157
1714 1669
103 1815
77 594
786 1808
1185 1325
1715 1490
376 863
221 989
491 584
1176 458
556 1504
198 1759
998 802
1996 1890
609 1515
562 1403
156 715
238 525
370 415
1867 204
7 363
1180 1452
1772 1098
1932 1087
755 522
770 1288
431 1593
1353 1151
1554 1141
23 78
1731 508
1373 800
900 122
762 417
1467 1630
1644 1034
780 700
1938 1023
546 533
759 1809
905 1634
261 1303
39 436
357 1765
904 1934
1726 285
1521 819
1559 1111
803 539
1773 1565
1395 1619
115 138
509 1526
901 64
1844 462
416 1069
374 1301
687 1532
902 1457
470 780
1676 814
965 759
1772 293
175 1128
918 1401
37 1652
1054 1999
1975 100
1121 188
1050 1476
1189 588
478 1021
139 1555
1052 1522
123 793
1594 1576
1339 532
102 1673
277 213
454 1832
1063 893
1842 860
340 498
980 1124
1974 1982
296 1660
1883 1800
302 162
1255 16
938 80
1280 1241
652 1709
1662 111
1287 1954
1409 1651
1703 1869
1032 1930
533 31
479 734
1439 1530
1387 1111
205 202
468 1070
693 1417
1653 1230
605 321
1276 1243
1885 304
412 909
1439 712
1551 953
983 1664
1903 358
788 1425
196 1550
1321 1659
1401 605
40 219
69 691
282 1738
1913 524
1782 1236
16 801
186 458
413 1669
843 1253
91 1389
935 24
138 912
1728 1646
1793 1775
1252 1128
1137 158
348 1395
201 1907
409 853
1085 907
185 879
1663 618
31 412
1588 444
718 561
448 700
346 689
1445 1829
1225 1560
1149 784
1939 903
691 1626
1360 967
1611 320
1523 436
410 1347
162 1282
248 1285
215 1108
344 993
86 240
994 846
1125 1329
1961 1601
1573 967
542 456
1189 38
1786 28
339 1588
203 761
13 112
1099 1047
400 1046
1857 1894
827 1793
1383 1745
25 876
1007 677
959 1683
119 1935
778 588
76 1070
1091 1573
1347 1270
1299 970
1106 1558
244 1822
724 1227
1550 57
1742 493
961 682
176 641
133 1991
145 1062
1893 396
1908 1953
1094 1211
1616 1027
441 1060
1306 47
1910 979
1340 1617
1624 1147
134 122
963 1401
990 1504
405 356
1592 1572
575 996
60 321
505 937
424 1766
398 545
1177 283
1122 347
1454 820
191 777
512 832
1768 1690
1210 1399
1277 406
52 847
831 585
175 1183
1134 1754
394 961
344 1369
1443 294
801 827
1200 1061
600 19
1042 889
1596 243
505 950
1174 1045
432 1374
115 206
1209 248
641 1484
1530 828
592 545
1411 1402
809 1068
1249 815
1784 1647
37 1720
1818 1231
1649 1459
164 512
1843 241
1072 889
497 429
483 494
914 946
18 165
725 27
122 1683
1214 420
1071 1832
1900 1162
680 1947
1740 1698
119 1385
1728 412
1273 17
1254 1953
946 1837
1020 325
992 492
50 733
1669 182
683 151
1569 15
1995 123
1988 1167
97 1747
1979 1347
1714 369
707 1676
1144 253
1202 1655
139 697
703 739
1059 1835
1107 600
682 1619
401 1606
812 911
631 1839
856 200
1425 616
1189 1837
1247 1253
982 312
748 145
92 972
1121 619
1780 1487
658 1383
1439 1719
114 236
678 49
1410 1661
42 333
1379 96
1021 159
969 1955
2 934
1289 1142
1390 1948
1612 600
1469 26
7 231
824 224
1471 1792
1932 955
1803 316
1003 1687
188 1740
466 1684
366 1517
705 1737
739 796
969 1258
126 1764
334 747
1201 103
1877 386
1030 221
314 539
360 884
1934 368
948 1320
1946 193
148 247
607 761
1109 1682
276 698
1028 296
649 1697
1018 1271
698 1037
942 1397
1718 864
866 355
594 1882
1497 1390
1079 1631
1748 972
1937 1662
495 1351
1677 45
1181 861
747 1572
1776 1973
766 1585
1053 1386
700 1002
534 1464
85 140
1212 1113
1604 1903
102 1541
1655 636
946 1408
1758 1323
1782 1909
622 1284
1902 513
1401 231
1907 628
1717 733
186 902
1882 800
1933 1031
945 890
76 441
1837 276
1458 1677
1461 1157
57 1367
1351 531
217 1356
370 1598
1784 1810
1724 749
1285 1116
227 502
920 429
736 608
1075 74
567 836
1286 523
425 1426
1170 82
551 1996
1382 1170
558 723
1612 400
738 1593
304 318
1128 1519
118 1619
68 41
1992 806
1254 840
1512 1401
1629 754
383 318
455 1655
87 1259
1742 1863
577 857
1851 1998
1290 241
1410 306
498 1207
326 723
1790 298
1468 247
1800 757
62 1845
1851 951
805 1660
1775 175
1812 1225
1287 91
864 1422
1471 1834
1120 853
564 672
1119 894
49 980
1513 555
1232 542
1858 1233
1655 1133
1118 1194
214 1461
231 876
81 114
375 332
1340 1243
1073 899
1057 137
615 1741
1346 1960
1134 91
795 396
1538 1901
306 1171
211 116
1069 376
496 743
620 1038
1599 1359
532 925
1275 215
912 163
1920 1939
843 558
614 506
1689 1252
1493 1377
1948 200
1559 913
621 630
1977 1426
1551 500
663 1795
1425 1852
1079 1215
1360 151
491 1688
1802 1021
16 1166
1814 92
630 571
1256 1262
1211 1785
1424 846
868 628
426 283
412 119
1412 728
1214 972
390 1757
1367 985
1862 1193
1329 1861
1126 1044
1758 1486
1347 454
528 1583
939 400
1376 1155
452 541
1582 1260
1871 1134
1377 1794
993 636
1700 1023
1987 33
1455 401
1665 1968
863 526
1823 1322
732 1763
1929 1489
699 1586
950 1168
1542 814
1095 1586
1591 1201
1737 272
405 587
1563 873
1337 301
1598 1096
593 1052
894 226
1092 241
1782 1856
99 1419
1477 1974
1890 1389
319 1422
723 1283
1585 753
1227 1045
1103 1275
487 1006
87 1072
604 773
377 1548
1977 984
886 1654
583 1653
1534 414
1181 1050
1201 1702
1710 1579
1312 486
451 1884
1934 1967
587 1250
1424 404
508 1600
35 1905
1372 1705
1948 589
316 612
309 1656
662 1020
1405 1064
1862 751
1513 368
427 1382
1457 473
884 840
1166 1950
1331 68
1391 119
205 488
71 1491
1736 1285
215 681
772 1538
1751 1593
441 1667
212 1844
362 1145
935 778
907 679
626 437
1407 1002
555 1954
1293 1883
92 732
388 1548
1981 1237
1800 933
262 914
298 571
1115 830
1495 297
1378 1698
1890 826
50 1903
826 1895
1755 372
1102 487
1324 1354
1522 1598
1587 7
615 399
1525 849
998 1598
1891 418
979 1319
1547 608
430 848
1928 1468
1749 1008
1095 218
1511 133
783 1380
1476 1078
851 1026
223 1457
1121 621
92 745
1700 1991
165 1223
944 1190
306 179
1047 1840
1821 1234
787 223
463 1560
1752 1134
1308 1386
1456 89
1693 1722
22 1817
1787 832
142 687
752 387
1891 660
492 1968
506 1637
1798 203
1297 675
1398 498
1687 372
319 993
1864 1725
721 1976
1421 1384
1295 1016
1047 914
980 1678
1310 1553
566 1809
1215 1666
811 822
212 5
1793 1148
1433 842
471 1922
748 510
373 596
1486 1671
290 598
1347 509
1760 1910
1116 1808
1348 1148
1907 617
948 1443
375 1810
1571 1341
970 1875
1448 453
1391 1905
1554 1145
1246 992
1609 815
616 596
509 470
793 0
1266 1644
1789 1685
235 1133
1086 222
525 414
1982 1033
194 314
1362 1325
182 1014
1534 348
352 1425
1282 807
117 1528
1650 1728
516 1533
1992 674
1806 1221
1176 1054
1809 1226
1260 1
1301 1988
633 1300
617 538
1904 1500
1114 1115
1616 50
277 1372
874 1362
1254 829
8 430
1453 1978
966 133
1707 1336
258 312
1903 228
196 1420
375 897
1354 1706
388 1590
1592 1763
1884 1154
14 625
380 194
645 1660
1132 58
1787 1221
714 713
494 1198
1275 780
344 1439
459 194
1684 1702
1734 1065
168 1442
717 489
1527 1755
434 1598
1490 1873
1779 1747
1065 943
163 317
1943 1818
1153 238
100 1200
413 1660
1602 1525
1641 1224
1397 369
1638 1478
1097 77
223 1270
54 37
1740 708
1733 1752
1765 1933
1924 1697
1869 1761
1986 360
206 1976
992 670
781 1655
1101 842
34 1906
1544 365
1883 1817
195 511
1024 1790
1492 1895
377 1979
351 795
1039 1132
1404 1553
1933 1530
797 737
1774 948
217 687
962 804
220 167
1519 1661
1939 786
1164 1433
1566 1184
336 1281
279 747
1948 1020
1899 835
369 640
799 1456
1795 1946
117 1099
587 1802
833 1040
788 1792
1450 1911
1878 897
725 460
1640 1254
982 1779
534 111
1642 1034
888 1097
1977 1549
1108 1100
257 476
1838 1885
685 1677
408 645
1793 156
1163 1975
1102 1965
1360 274
1895 1372
164 1187
1129 112
1913 194
309 1282
321 353
457 1934
307 943
1470 1610
1000 641
1065 1790
1581 1855
1500 698
316 1177
285 1598
980 928
59 60
1175 120
562 1583
569 310
161 1010
1346 1170
938 1870
822 1924
550 1465
1529 325
1911 390
431 1773
936 225
358 248
1691 1326
118 495
1021 1760
1993 873
1528 1039
1767 1321
1426 991
1178 926
1085 698
627 1577
1241 945
310 1375
879 1532
1605 175
1281 1283
1098 115
1036 469
76 390
1564 588
56 677
1649 403
1778 1042
45 30
1409 650
442 1652
951 1004
540 1958
13 721
1494 236
281 1963
74 1899
48 678
1280 950
113 1598
1357 1170
82 33
1961 116
1403 1286
1523 119
1175 604
953 1723
777 1763
942 1830
1537 1222
1366 1340
1958 986
411 622
1605 1356
1648 1992
1996 460
468 1129
499 213
144 1971
168 342
1014 1302
1972 1005
566 617
332 450
1915 1703
175 732
1247 1015
39 871
1002 1184
942 904
1377 78
1857 1469
47 991
541 974
1293 609
902 953
1852 307
995 915
1633 943
1925 1051
903 1326
153 865
698 665
1749 71
37 919
382 1102
1240 1362
1816 1000
1250 94
675 1849
12 1505
1337 1968
499 1623
172 1228
1782 369
307 635
1475 1609
671 1326
1225 680
731 145
1569 261
1759 92
878 343
1860 144
1435 1200
1041 1044
624 1924
1331 325
1869 1132
1291 1192
331 1113
1544 1372
1645 1424
1299 787
392 1803
765 816
672 625
1931 963
1255 451
341 754
1408 693
303 233
1084 569
1240 557
400 1334
1472 1617
326 1156
1556 793
1745 1483
802 856
1559 44
1760 34
1729 492
822 1737
1247 452
1357 849
1166 1281
1622 100
763 110
592 228
594 826
1588 1913
10 775
1388 1330
1226 1268
1018 107
1317 403
90 246
1234 634
1423 1324
863 1401
81 1594
507 1702
1780 1746
1864 1151
1723 1212
618 523
1232 157
1691 442
220 1645
657 1417
496 1994
494 1884
1433 1086
1858 1787
1598 1153
1493 871
1333 1636
110 1369
356 378
311 901
873 870
116 662
1057 462
1850 98
664 1928
46 603
920 1359
677 177
825 75
214 150
1843 58
243 1376
263 537
1328 632
1698 1397
612 196
1109 1002
1570 165
1759 818
1335 527
1593 1051
1753 286
913 538
1068 183
414 1874
439 655
1915 1745
623 964
769 1055
519 89
420 1315
1049 25
1978 525
1902 1927
1444 820
1984 276
731 884
351 1831
1249 995
1158 1365
48 1793
1293 543
878 35
1065 127
1825 1047
1593 246
450 268
336 920
224 450
1901 1301
82 1269
1534 1773
658 153
847 1072
1382 1416
988 28
871 1200
1287 324
1576 198
922 1660
1793 721
764 1074
665 48
1934 1340
527 1804
1406 1480
774 449
877 1136
868 1545
815 221
1882 362
342 977
429 1619
1907 1358
592 1088
105 741
1280 442
912 46
1908 536
242 746
1076 383
140 698
442 1265
521 1329
139 998
1143 1083
1494 1835
633 981
406 1756
1938 11
1054 516
448 935
1244 88
704 403
373 532
1670 196
1131 1379
1133 1977
1814 1143
649 1864
580 44
1003 1867
1909 1646
1500 458
1138 1274
1169 1378
255 1681
1168 1153
207 886
852 624
1442 1621
492 52
485 1096
1545 93
1543 1444
111 360
1566 152
711 1587
793 165
1672 1036
619 1998
94 1884
682 68
1709 1857
1669 738
1285 1041
1013 1336
1297 866
657 1472
1013 1107
1054 1108
1948 567
675 65
1351 348
1781 161
1595 974
38 1171
184 996
55 91
968 812
1725 37
484 1931
1986 41
155 938
382 1883
1662 1903
681 230
1001 171
127 1364
1059 1344
665 1942
1799 1908
1869 166
1860 575
1447 931
1543 410
844 638
1940 46
1934 1958
1161 1513
139 556
223 1193
572 1118
1804 158
1279 1239
965 1049
3 143
1951 585
1732 1450
1474 926
1391 928
1534 1465
1489 2
379 430
184 191
1508 1678
1864 64
1719 1632
908 141
125 1718
1458 1039
1341 1457
1550 776
483 608
1734 1122
1663 424
730 256
29 1606
573 272
339 105
696 608
541 734
314 277
539 661
1211 1468
626 549
578 1555
122 521
903 1315
1421 1012
1491 1751
689 605
1967 1222
1623 1412
802 482
695 1551
127 572
271 1260
1623 594
1527 657
1685 1243
1688 1477
485 1714
34 1024
1383 612
502 863
762 36
1678 1469
1604 1291
105 675
328 1915
1276 1425
1582 714
1592 907
129 1971
1894 1703
299 396
1498 720
1971 1169
1899 1818
257 170
386 809
845 1094
731 26
827 1720
550 917
710 906
1049 335
1558 478
352 1161
1532 1243
1683 1641
1974 1359
458 1099
1597 1372
1311 1015
1139 265
655 1384
1181 1430
1045 1798
1867 186
229 983
1230 1026
1376 851
326 98
1480 908
1227 499
609 1618
1366 1597
79 406
1956 379
1775 1536
1663 800
21 401
1719 143
1158 1796
1127 268
17 925
1366 550
888 1972
1861 492
1687 605
1556 1842
190 358
656 1851
1986 672
1499 1079
274 1520
1724 1426
1970 664
1848 967
693 915
1904 310
457 1870
734 458
668 104
1499 261
559 1100
1889 1907
34 232
1464 977
1660 623
142 1980
1025 112
1461 679
308 471
1883 1311
18 1126
1014 633
626 228
1285 867
791 295
445 1873
177 661
154 943
1678 1027
277 1013
918 1275
334 995
968 1806
1049 711
51 1609
1990 511
1019 51
1256 1684
611 485
1046 413
187 423
70 1824
918 1167
997 1460
166 1303
1506 1566
501 1293
427 1078
1975 324
578 1476
1395 1506
1453 922
1623 1333
1907 863
1520 454
1423 750
860 1576
1758 511
1670 627
863 827
1532 922
1465 932
1613 1813
269 842
274 957
1518 529
14 1784
1824 47
1858 863
1894 1274
1078 1920
44 1663
1767 681
1503 342
992 1587
780 1179
1291 1920
1888 1910
138 1712
1986 230
1139 65
1935 1167
316 1489
1880 1231
1871 1448
290 39
1692 1180
990 1699
1614 1526
727 13
1 1333
1594 1813
661 1379
1679 1628
411 450
944 1933
1897 767
639 1068
331 915
128 98
40 214
1339 1708
1976 831
375 204
248 917
1070 1254
1422 659
1955 1159
601 1715
994 1646
127 1795
546 207
549 212
1963 461
449 1028
1290 1644
1919 1586
1767 1983
1695 417
131 638
1689 77
859 1313
749 687
585 27
184 1669
1209 1840
314 466
281 289
518 1959
1815 603
1827 1889
607 459
1338 1432
920 690
1119 82
629 743
1377 377
1162 1206
1740 954
303 987
387 1624
1364 1835
347 276
221 1857
300 689
30 828
1862 1065
1363 1381
1301 503
1633 1242
1158 683
1063 1614
545 1917
1245 1362
101 708
770 49
1239 793
509 1442
1104 339
1766 1478
1623 675
676 801
1194 498
1359 565
1333 1330
71 169
663 1801
408 757
542 1740
483 113
316 939
402 942
1553 323
1735 1495
832 1987
1131 334
1415 93
1370 616
830 1389
909 221
84 818
1042 750
1780 1682
407 10
159 174
1926 1736
169 596
145 10
196 1224
1753 1256
267 875
1045 940
62 1409
681 1158
1944 1726
827 1212
1448 1559
818 1392
1176 871
1052 1330
1200 1982
1883 1258
219 309
1399 1145
1433 1961
1166 1580
1998 915
649 1061
358 360
1318 173
798 632
1944 1618
242 414
60 437
226 1638
596 1171
1066 1120
374 75
1986 43
410 1718
1678 1913
972 704
853 1241
1341 278
196 190
1027 347
1740 1680
1556 1105
3 1192
708 715
1199 989
946 772
1008 189
1980 1554
1801 1286
1639 1224
1140 1577
109 837
816 433
910 297
184 193
793 1469
1655 939
473 30
120 437
1448 646
1322 241
1260 1349
1702 233
1182 1924
1767 628
1428 1162
571 1770
860 1644
1242 1709
1901 1345
758 1596
1272 1588
1320 353
457 1375
1370 1342
890 705
496 320
709 1596
371 1308
1326 777
973 1413
1093 1478
179 320
477 980
1191 323
203 448
318 435
92 846
47 1332
98 1334
1646 580
1718 1651
656 1827
718 261
47 56
174 1329
122 873
189 634
1990 1292
1873 478
1620 69
195 1617
166 687
1136 1942
580 1724
756 1132
121 621
381 1743
966 447
233 862
1332 16
372 1960
315 1389
1913 1984
903 1559
1476 1192
1617 673
1917 1874
1437 1237
1862 1938
972 383
589 847
1831 1541
604 1384
1132 1540
122 1115
1638 1900
1173 1312
259 1386
1557 1423
910 1612
1627 206
1613 271
241 1453
1686 1015
1285 1903
455 1153
1007 1895
1339 153
1767 1125
248 1348
270 1107
299 1808
640 1872
836 1518
1236 671
1489 851
959 1854
608 873
346 873
1696 1595
490 63
1140 1148
1726 1208
530 401
1626 1270
1889 1909
1611 1901
202 1767
190 481
1892 1362
1472 1971
1632 1960
629 1053
1396 929
1719 387
1925 492
490 1352
576 409
543 461
882 1876
1589 48
1205 1334
840 684
1305 289
1137 1873
1732 1265
402 192
1064 577
1014 756
1800 1665
902 286
1370 1852
711 718
442 530
495 1588
966 944
678 1709
1374 1678
1570 1095
178 605
1014 877
694 1424
1910 1392
716 1183
389 825
1297 1165
115 256
1381 1573
1520 685
479 718
608 1357
1948 866
587 251
1884 1147
1423 523
946 598
619 203
1873 1217
691 79
160 1840
1366 1157
142 251
1109 1235
513 423
1712 747
1385 123
762 898
1940 116
558 839
217 546
1779 922
1676 6
1447 183
700 663
996 1479
855 308
406 445
1297 1178
414 831
586 1315
1591 1396
1744 1867
1668 825
1279 1767
909 773
425 1892
234 1129
695 1487
1865 1110
1703 1048
1705 1646
1321 717
75 318
1245 1927
553 91
374 614
541 791
1912 404
1503 236
680 1889
1580 1651
1041 848
1796 229
624 1957
567 1194
646 26
556 1301
1423 886
521 260
564 896
505 1484
1050 789
1492 1888
1963 1510
1089 717
1889 541
1089 488
1018 19
94 1620
1405 199
402 1507
1334 1716
713 1140
1148 1068
1755 1480
220 1207
848 547
1577 656
787 271
1136 1179
176 383
425 1087
447 1371
134 911
1204 559
940 486
145 1972
1088 384
1289 374
1629 1233
600 566
1670 1005
152 1867
408 1793
680 37
43 877
1180 323
347 1554
600 1734
255 504
1411 1949
996 916
1049 513
1563 734
1377 1547
642 1852
0 399
1984 535
370 1164
1161 202
459 684
934 977
1643 205
443 1908
823 1375
477 472
1769 1778
1416 199
1851 1551
707 934
302 1114
1410 1845
1434 216
37 173
1057 266
1451 156
1239 1963
117 1105
1853 1368
1748 1840
540 1696
1951 213
1570 1016
1571 1389
1875 834
1049 526
1379 172
1423 444
564 454
1467 1682
276 990
565 1352
427 893
1927 1145
1269 916
1449 1786
1466 1201
1141 1404
1581 922
1080 1394
321 588
1656 278
1955 840
1167 1807
1987 1317
51 1895
1453 629
1291 796
596 5
410 552
666 478
1135 1222
994 51
1067 4
64 1312
1721 1319
1010 1227
1789 928
1715 750
1147 1461
1747 1685
1365 637
274 75
864 1109
112 1245
1232 1276
1483 858
222 1605
260 1897
1624 568
564 588
1853 1623
1871 445
104 603
374 198
1462 920
1686 170
1956 1980
1009 1877
1802 1513
1425 1297
1738 1757
748 1055
1827 1691
1481 1054
1915 528
138 1890
1313 1362
268 687
901 371
569 1847
1157 297
1033 490
1031 1649
335 633
1926 249
640 680
325 1608
1569 1180
767 492
409 784
533 325
1648 12
1202 1881
1672 369
25 1841
1952 652
1802 1876
747 25
726 1134
412 974
764 1362
950 1552
297 1896
700 623
58 1385
1505 1545
1620 300
1195 565
534 1085
1902 952
1927 716
1784 142
724 916
1486 485
1195 1733
1659 147
1946 177
1999 1006
1070 277
507 1332
1140 1016
440 110
1747 1953
621 1848
249 1976
421 1036
572 680
1735 1081
797 798
31 1753
1763 325
1535 1895
1800 1183
762 1450
674 1566
1097 1669
1465 1836
1047 1848
1434 42
224 54
962 986
1223 1256
74 295
1478 85
304 757
369 1640
1864 794
1294 907
1235 1495
495 1456
1092 1446
1861 725
1885 853
1912 956
649 876
740 240
1170 53
783 1630
158 1807
566 878
251 49
313 927
1897 1092
1238 224
1138 286
515 1061
348 655
1468 686
1202 1210
942 576
1319 1731
1441 674
1154 1169
390 1002
1652 628
1626 1393
1263 1341
461 653
879 412
1827 1154
1238 1513
1984 1074
778 774
652 635
191 11
208 1412
166 1415
250 591
1590 1857
1230 1285
485 1168
411 199
1370 1036
1525 415
224 309
1268 759
719 251
1460 929
758 1411
1386 751
1133 534
937 1413
1231 1631
197 620
1256 641
578 1480
1340 1803
1995 1209
149 1074
207 261
1931 1224
1425 1581
1504 1911
1648 1101
562 1886
1245 1916
782 1889
73 1429
365 554
360 210
1261 1106
1913 1786
853 1540
3 1141
1209 421
1023 2
264 916
0 843
438 251
1610 472
612 1370
751 482
892 192
978 1427
107 151
413 1655
62 903
1628 526
738 1940
1316 1688
309 780
1942 164
1744 1640
82 94
1494 1694
370 1958
1829 1455
1182 1873
1144 1581
800 1542
807 498
1223 1874
421 957
432 621
108 497
939 1886
801 195
153 1960
811 617
1809 1705
1964 596
1523 1348
1258 1831
833 672
1111 357
1224 5
30 1745
969 947
1327 655
1792 462
1477 1353
417 1373
1659 81
1206 1533
1793 835
1985 776
1300 902
1465 252
1248 483
1134 1135
1380 373
98 1741
733 37
1147 1074
87 1619
209 562
811 630
582 1561
995 976
1878 771
293 640
769 606
1392 1780
1051 1258
113 975
562 47
584 331
336 229
1877 1485
707 1862
1460 379
517 1738
1822 731
1206 499
473 1402
1147 1087
1711 900
866 1562
1112 46
1359 677
1837 1241
1097 448
1534 1203
118 127
1243 502
969 1431
790 705
1436 1082
866 1683
1702 1955
1609 744
1355 1093
1427 444
211 476
35 250
922 1211
1615 1434
428 181
1988 1945
770 1342
1415 97
386 184
379 1228
1010 277
1325 1106
309 1398
607 826
560 751
1152 397
534 1516
1401 1101
358 1290
838 695
1331 1796
417 1870
1719 1612
1511 451
635 1046
289 372
1314 1563
966 62
1284 637
1461 41
1972 745
523 1707
1665 1268
765 1011
365 1535
676 939
106 1540
1093 1227
353 1188
146 1878
958 1002
855 123
256 1484
1543 1692
801 1055
54 74
874 1304
1438 1117
99 490
742 596
91 1309
722 883
1 332
111 729
1874 866
704 1243
291 1599
642 136
1579 1443
192 839
448 499
222 681
695 147
1708 52
452 1143
1682 817
300 1540
1303 3
1886 58
1523 6
1483 1102
974 730
1689 941
519 1318
801 250
1515 1579
1333 1013
1508 1805
1830 1590
1193 481
298 797
945 379
895 787
1129 725
76 1687
1101 892
308 1027
1704 1636
1224 999
1735 949
1886 1347
1525 1893
1683 1284
1086 540
1528 1410
1600 761
67 1086
820 1552
1338 1249
751 1718
1866 1405
890 830
1313 667
1712 1167
368 1428
59 1841
503 569
1179 1606
1456 194
924 333
1736 248
1605 1714
154 1849
1713 493
1917 1986
131 1865
210 697
896 1439
1722 1252
1988 1637
1460 1252
1038 1788
157 53
1733 1118
1295 892
684 967
259 1269
1207 779
159 99
317 1210
1055 385
394 410
1591 890
892 623
100 1626
86 1462
1743 1432
1784 1433
877 500
1503 1945
1508 74
1284 329
1496 508
1270 431
315 238
15 1932
1461 672
938 631
277 1114
1533 23
1276 855
849 293
434 51
1645 1661
1153 1724
1165 1024
1337 1508
1975 75
1368 1383
1190 34
868 1969
1565 1668
825 1104
1587 1427
692 1743
879 1569
1464 273
1467 1739
101 1009
1164 1738
1367 340
1188 634
157 1355
1779 550
301 582
705 1160
1904 1484
861 653
1112 235
852 1853
1717 840
375 1699
1842 1774
1837 1430
40 891
1822 1041
836 1764
1560 1795
586 1064
808 1931
1618 982
909 522
976 1515
1659 525
43 1310
736 1762
1873 1208
1834 233
994 1276
1732 451
493 994
1312 1814
1093 235
1251 1575
1965 918
706 994
1889 290
1488 1932
1665 1336
419 900
1360 471
1673 931
898 117
194 1721
1252 874
799 1306
1045 315
231 1788
709 366
1139 179
511 381
1328 640
1431 472
237 263
1391 1339
742 664
1313 1419
728 500
1521 136
638 1775
841 377
388 1829
1616 639
1907 1111
1215 66
1884 1393
1077 361
27 803
562 1901
1116 1255
1126 1943
1028 1142
1936 765
258 672
594 392
1846 54
1058 1250
500 205
474 970
1947 365
486 41
1088 375
1446 83
1170 673
843 315
1474 1350
1441 1173
820 560
1572 195
1821 1165
718 549
1974 1407
1079 262
506 629
1579 356
1264 1247
405 1257
465 1271
458 329
878 1440
1480 1774
1196 29
448 1627
1626 845
399 688
1882 1296
1749 1410
472 1432
1117 904
1893 142
547 788
1191 624
1185 321
1620 249
23 1047
1824 1705
900 1320
375 452
547 1727
1094 139
1958 244
1942 1697
717 152
1794 550
1417 563
1353 1073
1876 1077
1678 604
1076 270
542 565
1749 255
725 686
1270 257
1139 1723
36 1107
78 57
995 1449
281 645
962 1272
1552 91
382 468
1309 858
1997 441
868 627
1818 735
930 44
355 1799
126 1939
50 1163
1139 1844
1325 48
494 645
460 509
239 769
160 247
651 979
1496 805
787 1577
86 712
1794 1142
1911 266
902 1500
1975 1190
748 1033
743 460
1498 1036
825 4
587 1344
1024 1116
1629 1721
750 584
476 1513
655 990
700 238
405 815
787 651
1819 798
1829 1257
1719 1385
1669 1793
1340 571
471 122
667 1754
476 1634
1069 1919
1026 1283
468 992
1067 826
282 1539
1359 934
1190 1162
1890 570
135 28
1685 1104
852 1103
465 1660
917 1232
182 1537
1092 1758
1437 746
1318 529
1190 1283
1331 993
44 556
4 1652
1253 1568
638 1938
818 593
653 785
1513 1643
988 1004
829 193
1598 1458
555 893
1479 1012
486 793
1093 1471
568 1586
67 1075
1147 1707
1503 1342
1403 1404
1174 349
910 1471
922 542
1743 11
1037 1017
149 326
1687 116
656 1591
1592 1010
1332 1874
62 852
1720 1461
1303 355
713 1078
1482 357
379 1956
360 1677
145 1789
1182 65
1337 905
597 1132
392 1895
926 1307
377 45
623 1269
669 1385
1075 612
1059 1836
367 791
1048 1418
640 1852
1553 358
1486 368
1315 486
809 614
1547 1775
160 168
125 1150
1527 76
730 964
644 1449
1015 1133
442 268
1075 1672
613 1318
780 1495
966 453
819 1423
15 874
736 1159
1687 1647
87 750
200 1859
33 1682
998 1839
602 1839
196 922
1247 328
1906 1950
837 164
173 938
1964 1137
1986 896
1645 603
1284 1149
714 1262
702 1962
389 1731
430 42
681 856
593 743
658 1626
1105 100
372 1269
532 1221
1865 1545
320 584
287 636
10 1819
1677 262
1672 1904
1990 493
990 1547
6 128
92 168
1996 15
27 187
15 887
813 867
1799 669
1551 796
1389 1966
269 474
1636 611
531 1154
1751 103
790 65
960 513
842 1689
754 1576
1179 1045
1914 1908
1872 1911
1404 116
1462 1784
1147 460
1 1194
765 129
1606 745
1126 1340
224 1239
0 1760
1063 991
259 708
849 1705
675 357
671 881
1397 1510
1767 326
841 1292
996 183
1297 111
1185 1102
197 961
882 835
453 658
540 1071
1878 507
1348 1510
823 642
1802 1451
1817 268
1596 528
266 724
1114 296
1143 1751
828 427
1662 101
929 250
657 1777
438 1181
259 950
418 943
7 1079
1767 1736
1541 1918
326 832
1616 520
484 1189
1489 1233
1726 651
1197 307
1014 1354
1611 1344
1143 1993
778 323
375 1138
1185 189
1286 995
608 1834
1886 236
466 209
1901 1298
1797 652
1408 611
477 1270
592 25
1703 7
1008 1431
1763 21
718 1598
1976 1068
1184 610
1918 1063
1405 1481
1733 1054
1869 1881
1105 731
820 1730
820 1501
627 140
644 1275
1722 1538
46 1326
523 985
1508 1057
1057 367
1852 601
191 1680
1453 1535
1592 381
1411 77
141 516
1335 1250
256 762
1265 1191
1906 958
608 103
1628 196
38 1973
1012 1684
1784 443
287 462
552 1928
1195 987
183 755
30 247
589 1968
1528 904
581 1969
172 1535
1154 1336
1757 848
76 255
898 858
34 524
1990 790
741 645
1059 1449
498 887
1614 1213
967 1631
509 524
27 484
1264 1854
647 1397
1402 512
1197 1046
1086 1444
654 1292
783 1931
1681 1095
523 543
1333 1809
51 962
1209 1285
710 406
216 1066
787 1821
64 1197
196 1582
81 612
884 707
19 1131
487 1236
1908 212
798 640
443 412
209 245
1463 993
1781 1568
413 1472
1658 451
813 130
171 892
1655 1873
1176 1350
918 1580
417 1298
512 138
1131 1873
1427 703
360 269
1910 1345
1937 1973
890 471
1487 461
778 1196
1330 1938
1223 1583
299 1198
1216 375
1690 1692
1313 1705
687 785
1184 1591
1804 518
1551 72
1202 598
333 674
23 1909
1989 648
1848 709
1094 1001
373 450
1818 537
1284 78
1093 547
1781 655
15 1910
1734 543
982 1470
1901 1474
471 500
1752 1351
1461 650
1528 1643
1676 309
427 578
146 1319
1770 129
1023 1363
438 444
257 1335
331 52
1342 1079
897 1897
950 969
62 278
1330 207
583 1441
321 1441
1990 482
1450 797
1544 432
1426 1608
783 455
344 1051
201 1268
769 557
1944 487
1519 1018
1278 663
1305 271
312 52
1475 682
1301 566
1600 1128
865 1433
1130 913
1051 391
1742 1706
589 37
1841 1190
86 648
1039 273
1980 73
863 1737
1345 1777
519 1698
1527 1259
532 176
609 1857
1292 1096
132 471
1052 1380
656 1151
1815 90
158 645
1460 1848
1971 603
765 1057
111 533
746 815
437 703
554 56
1760 1093
1037 698
1283 1922
587 1172
1495 1024
380 1108
843 869
540 1060
189 79
719 1062
345 592
1205 1221
1436 565
813 1111
1773 1907
780 934
680 1750
241 656
1599 973
611 832
1841 506
353 79
1003 1356
628 18
1383 1348
1572 52
238 1001
1396 1058
380 1350
1847 930
744 314
73 146
102 847
1645 981
938 1119
320 252
812 714
203 1424
1409 704
1801 1228
515 1430
1270 811
1206 1284
1061 637
853 1654
927 1640
450 483
1274 1684
1835 1980
118 1730
1666 222
1703 1043
963 1004
488 1943
596 1476
1833 106
107 265
1591 1741
1333 951
450 604
1253 699
804 607
971 1538
1678 1400
1256 1936
1574 1279
1765 1813
254 1897
1489 417
1666 1282
1981 125
1461 355
900 22
1044 1235
1247 1069
1529 984
901 432
1114 1708
1233 1659
200 1782
1270 235
313 1659
818 1831
966 497
1155 1187
1891 1750
1449 1405
972 1480
655 1544
588 322
1806 659
882 274
625 1372
1783 1695
1807 66
1477 191
1175 1021
810 142
818 1952
1727 487
1804 936
1083 385
45 689
974 1152
1624 1234
681 1839
1398 433
1728 1062
620 102
1055 1491
1531 1191
992 913
56 1228
341 1855
1330 383
795 1796
724 1098
1527 1193
102 526
487 862
1208 393
1588 1846
1349 140
1748 1835
488 1501
1978 311
1553 1596
1231 1545
684 918
1395 1424
285 1815
1639 1784
438 633
1415 90
1408 1097
477 1756
418 395
838 1506
805 1558
1464 211
137 641
87 1049
159 400
1785 791
1654 1540
114 886
420 175
1234 688
1443 273
770 1456
1506 329
155 1863
825 116
1477 796
954 755
1874 1664
1643 1502
1436 1438
226 467
685 981
1103 1494
1879 961
1180 694
225 996
829 1928
1185 1038
1271 812
682 417
1265 509
207 1127
948 573
356 661
562 766
1386 1738
1947 48
326 526
973 108
818 463
1027 573
1598 1328
935 755
819 809
807 1472
227 897
393 1869
1730 1632
1649 512
773 1107
645 1824
1901 1221
652 1985
1440 1277
805 766
610 527
1083 1942
1568 1691
889 356
495 725
1221 600
357 1249
517 484
405 14
1707 1742
428 900
786 379
759 1185
1884 1560
229 727
398 913
1495 1455
1251 600
1105 1714
1074 149
1860 1058
303 1026
1440 472
36 682
1393 131
1437 174
1079 200
96 1901
1543 75
450 672
1792 1570
992 726
152 978
267 1490
547 1773
1231 190
479 97
577 1386
680 87
130 1606
1995 1754
455 1137
780 439
169 285
764 431
900 1029
917 444
696 970
1964 1128
1948 366
1537 768
718 1668
936 1073
1714 1892
179 1619
1132 490
1887 1820
211 1571
990 1309
1984 706
1517 974
629 1037
1026 1905
100 693
201 1499
1693 907
1262 1852
1293 1202
76 1238
1932 142
836 468
851 1271
1236 1607
1031 155
1533 1305
1041 577
1724 607
1512 199
1770 494
863 1739
70 642
204 642
233 1343
668 1271
1448 1611
1699 964
1310 1906
1809 1324
840 1499
1318 1501
348 771
721 1282
1182 445
1913 1418
1624 1315
1304 1862
170 1933
484 1046
742 1570
358 412
1962 1953
159 468
472 928
585 576
869 106
857 998
1820 557
1318 1393
1607 1267
1605 1157
393 1574
646 1754
446 646
1962 677
610 1508
1085 1801
464 1225
997 1688
200 361
936 1449
220 1996
848 1336
1696 908
409 471
729 1873
204 1005
73 256
928 541
883 1293
1390 572
1126 1694
1788 352
1846 1791
743 1929
273 960
502 554
49 20
1102 61
1812 157
1884 1494
1373 1278
683 77
1839 1980
1354 770
1868 991
856 1991
677 528
288 1241
141 962
1452 524
942 947
1534 593
1878 403
1081 1520
1026 1584
817 1181
657 963
118 914
338 1183
269 1083
434 662
599 958
1884 568
967 1125
558 957
1487 1686
1218 478
1082 1637
1550 951
1842 1096
985 1933
159 1891
744 329
1246 1479
413 724
165 1376
583 1135
1908 403
920 1723
1150 199
119 1674
62 911
5 111
1596 1942
82 331
534 1135
1236 1407
1829 1921
1639 1531
71 1081
1079 376
321 209
1152 366
1668 1185
826 1135
1130 1546
486 1444
307 1967
1315 774
441 1967
730 1841
152 1864
384 1204
1480 841
796 1377
887 741
596 794
477 577
275 1382
550 1092
1780 729
1 1816
1136 1189
1664 1308
176 1561
1991 656
473 1747
1023 1662
1548 86
1780 621
1991 1824
1638 208
277 1054
773 1901
1922 152
201 1446
1999 372
268 1355
435 300
474 1460
881 1555
1221 1394
1465 34
240 246
1534 164
787 644
1212 113
96 467
1872 1620
913 460
1037 526
1239 1155
1884 139
982 38
1120 1463
844 1794
123 1768
534 585
59 63
1795 326
1678 973
243 372
165 947
1895 678
238 708
0 1819
757 1761
1704 558
1121 237
775 1815
1846 678
1631 1507
1882 1089
1046 588
1722 871
1558 211
1634 758
1014 1279
128 1186
1420 1738
1941 915
1936 571
136 781
776 175
1975 499
1808 1554
1247 763
1023 52
1904 1787
1479 66
586 1246
1145 715
1470 1037
1456 1102
831 1050
1428 1040
313 1124
225 1240
120 1712
1974 1213
1685 1110
1299 1569
1418 1520
356 676
1598 404
686 1076
111 845
1523 230
647 596
592 660
724 550
1845 1449
1563 302
1330 1003
571 722
127 1728
667 1184
218 1092
1651 1583
149 1258
1360 882
1095 1365
133 496
439 14
673 1901
91 499
531 542
1625 1567
66 671
1360 1821
627 1004
915 882
1199 412
1457 936
127 1849
1536 1000
1517 721
1933 636
1649 877
1945 1693
1098 1528
776 1477
1638 947
1715 413
6 1973
1771 1742
202 1390
241 1318
277 746
1865 128
1421 1363
149 1500
484 1490
625 1429
606 1187
1299 885
1492 785
745 1265
1972 190
807 682
818 23
317 266
1776 1712
1530 259
246 1554
628 1619
906 1075
1349 1352
831 1426
1118 436
641 1265
1126 31
374 921
499 1855
1710 1250
1135 1019
741 1617
1303 603
458 511
840 1367
905 1725
702 908
1559 34
1982 891
1839 88
1276 1668
1049 457
150 1563
878 804
814 1314
939 1494
1274 23
56 1406
740 1513
1358 165
1531 322
662 1859
713 629
1179 1856
1302 206
935 678
245 1692
1173 506
1207 90
902 1440
354 817
780 925
680 1741
577 596
974 1693
351 290
1987 1369
591 1174
1353 1497
1914 1793
1186 1320
1807 1667
1277 684
446 527
1201 1857
1614 1272
678 1816
1409 574
1980 1595
1170 63
1431 104
1195 1288
238 763
420 245
1853 507
1149 391
1216 1347
1622 574
283 1408
1933 207
252 1829
183 1995
1442 872
895 245
636 1711
1131 1919
85 376
694 1652
1556 1159
1841 1557
700 649
1834 349
1303 161
1979 215
833 1932
377 669
1899 451
930 818
1957 1853
186 549
1492 1524
1213 123
1424 343
1121 305
162 1131
353 433
1686 1740
932 783
486 962
837 1714
1148 115
900 1999
1399 1454
184 597
1132 1339
1046 1824
1130 246
1639 352
1778 1450
1174 289
1864 470
1153 1398
1851 1174
1426 244
502 1845
1701 183
574 1196
1133 665
1797 416
322 194
602 248
1956 409
1092 75
1204 316
717 723
503 1666
1640 1112
577 154
1356 1353
1273 1584
611 970
115 1786
177 449
1696 226
305 1129
641 849
645 968
842 1253
518 1129
1225 725
844 1070
935 1417
990 1124
441 1848
687 1086
337 973
755 1486
139 1217
705 1894
674 329
1635 1010
1449 591
482 573
1347 314
564 1137
1541 1348
428 44
724 860
1572 661
746 619
978 1908
1000 1438
1017 853
1101 29
877 550
275 216
1403 1828
966 1790
849 222
91 809
480 621
442 100
1099 333
703 104
36 55
571 1382
1710 1426
636 1282
1537 717
1253 958
920 223
1968 903
642 1972
795 753
8 114
1338 1904
1832 261
1238 505
1171 515
1823 1195
797 45
346 109
248 1523
1280 687
1732 259
1677 323
495 1400
1016 577
546 1631
83 409
1409 508
306 1878
634 1680
1865 1956
1177 158
1469 1727
600 1049
1448 621
152 364
310 1704
678 1871
354 993
10 954
655 1924
204 2
433 1811
887 1227
209 117
1850 1540
1740 1668
90 425
120 304
1947 160
1539 631
1547 226
1285 226
1851 637
769 1329
1010 1455
206 1889
1510 1512
801 1052
1250 878
1095 1004
1446 1756
334 125
1552 691
867 588
1775 211
612 1530
183 1124
484 69
1633 1030
1840 865
1449 980
105 1470
401 300
1674 1327
13 1881
1737 629
522 1758
897 1635
441 601
534 829
1786 750
487 1242
1846 801
476 824
1443 1579
1343 409
961 344
1033 1415
1499 922
895 1710
91 1656
1629 1971
192 18
376 364
713 1181
668 1933
1711 1515
703 493
231 912
389 303
470 1194
1282 1109
1115 932
1225 538
1640 1046
1445 578
953 1836
1515 1805
290 1492
1088 1472
713 134
379 783
1583 1451
907 902
222 799
194 966
299 265
145 1784
1017 1942
988 1012
1903 1806
1178 355
1221 954
878 322
1987 1921
1955 397
1568 1708
1915 998
1626 895
1323 1877
1426 312
87 1900
679 1546
1023 1356
1305 251
1821 1336
1926 369
21 1317
1543 79
1966 936
992 959
594 1852
575 1610
1239 836
592 1025
62 42
628 682
1669 420
1483 1233
751 1018
1467 205
789 1310
871 1608
788 1839
819 1189
1784 1309
1777 367
1209 1078
405 1549
1924 1060
355 1728
1475 1722
1421 439
1772 1191
361 459
378 628
319 987
107 579
841 803
1350 680
1475 1614
960 1434
755 736
1921 654
1210 1316
910 795
1331 788
935 559
226 1331
962 167
1175 1443
1028 1918
690 876
1175 396
1335 385
1317 745
701 513
515 1289
742 285
570 1750
592 1509
1015 1612
387 57
1763 1734
493 749
1121 52
811 1287
1484 629
1103 1432
274 1873
819 1673
1942 1184
454 757
698 1383
1386 737
584 49
85 365
1327 1325
1413 1099
1798 910
824 704
1328 503
1816 1489
1993 102
1635 394
1561 216
1387 1083
671 876
1619 386
1743 1913
1729 29
1815 1264
1366 206
851 1746
660 983
206 547
1362 501
436 1238
200 473
305 526
1807 622
143 1659
1514 1272
757 1818
719 1297
1178 1094
1584 284
1341 334
396 1058
1457 1677
483 1700
1309 1513
230 1291
1364 1220
911 457
1788 464
1712 1674
695 307
1591 1384
414 819
87 424
1338 938
483 424
1 155
479 948
1785 166
1031 1690
69 784
1434 1814
1420 1916
1773 48
613 655
1891 1272
284 1648
202 266
804 600
133 432
1881 1981
620 779
427 613
1876 1637
604 17
395 1829
940 1400
1539 1988
1859 1175
1573 818
432 1896
291 725
360 330
301 1413
1120 18
1123 1521
63 80
1575 864
272 1880
819 63
812 841
1703 1049
1539 123
1556 1524
1795 1806
814 887
764 1295
1456 125
117 730
578 1842
1842 1329
736 967
1818 706
1159 1070
1072 364
1760 1704
903 326
181 570
1645 411
919 536
1891 1635
1877 1700
989 1534
1677 888
445 387
708 1255
722 1190
1403 1817
1310 1360
1535 1707
437 1435
475 495
1215 305
187 1260
1653 1699
825 1022
131 1099
1824 534
270 1968
1681 485
626 849
1672 894
1606 311
1666 362
1528 886
1428 1702
375 678
105 36
673 1274
869 957
458 1386
1249 424
795 742
1679 8
1148 1540
1998 1710
253 1856
1991 768
967 216
75 803
1751 32
1065 724
339 1815
1402 1312
968 791
1121 1033
97 1464
453 345
1432 1191
988 1443
463 804
573 935
994 965
1541 1363
1721 247
1953 1536
444 1464
1225 43
1648 671
553 1865
868 745
1728 371
1494 204
902 329
401 47
1793 500
1963 948
1543 1557
1641 668
1955 1996
541 1518
759 923
1647 1385
962 1511
924 990
683 1867
430 226
1462 1605
476 342
1400 461
1835 618
412 586
224 1518
575 55
1134 1739
1068 1385
1259 687
1956 1847
963 1628
384 1921
1256 1850
416 412
1259 1626
390 1177
240 1418
971 405
1138 582
1924 1262
1768 1917
1145 706
959 287
1606 1855
1086 1331
831 1041
1753 333
1417 118
174 1185
637 946
1268 1981
1392 290
72 1137
1572 1160
813 125
1671 156
377 726
1662 1090
308 892
1116 1294
1403 570
457 426
489 644
1083 888
279 1588
531 1809
511 433
961 1393
378 1072
820 1417
1066 426
1286 1863
1227 465
232 1368
1598 637
555 72
1680 181
1704 575
1174 346
186 1666
979 1302
669 93
1754 103
61 210
596 1537
1439 765
1041 1133
475 1247
1347 1176
1290 642
1746 693
194 968
521 1363
75 1542
1549 1576
520 1892
1910 764
74 1317
1798 294
1760 1988
53 211
1875 514
1526 1592
1720 640
1425 951
329 1314
2 919
1619 1756
426 429
751 1946
1194 1469
555 1253
452 337
1816 1223
1131 366
339 1857
1772 133
507 1441
1324 1700
457 1620
467 93
1284 315
577 453
274 681
320 568
177 748
1190 1885
1744 1239
66 917
279 1964
370 1328
1151 1893
865 1307
753 800
335 58
992 1082
668 204
394 638
934 94
1462 250
77 702
1639 1832
990 1423
11 1102
1778 715
557 1046
1988 939
1711 136
329 630
1499 253
1958 767
468 1728
545 1157
1104 626
1499 1421
809 974
1905 1843
313 1036
552 1052
741 1742
1673 1722
23 1462
1456 1724
528 1863
636 413
1066 226
1028 1691
919 967
933 636
1590 906
731 1670
1791 667
1419 1024
1756 1841
1725 313
803 526
1136 672
1919 1081
761 529
570 1752
43 249
275 1575
1665 1430
660 1911
1675 1660
1539 796
708 639
374 1288
1759 799
771 170
1891 201
1695 1080
1774 1373
1636 1897
1139 862
1956 855
1128 215
6 1535
653 1871
975 1922
833 526
855 56
460 695
1571 869
1201 1861
46 1055
1304 1279
1230 347
1407 1966
848 282
1011 1737
713 57
911 338
431 896
128 1124
1602 1387
1779 791
1729 1199
781 457
953 712
1481 868
1950 1841
1878 275
1212 414
1948 977
1664 1743
275 770
1427 753
1112 1644
353 1592
291 714
1067 181
984 412
215 1887
1808 1613
538 591
1486 1333
1302 1512
1682 979
679 72
1995 1210
424 1243
1520 688
1482 396
1246 1351
1318 702
1631 1687
1061 1800
268 1898
467 1061
371 1124
1907 50
694 1777
921 1002
1642 533
62 783
1968 1457
1217 771
1982 574
1832 815
844 940
1923 933
1491 522
1365 117
1217 1939
981 1174
253 435
1741 404
1173 1115
608 1831
725 430
1819 1226
224 673
96 902
1108 1888
1259 71
741 145
1088 1650
1168 892
1097 423
1400 195
1609 1766
456 1329
1402 12
1408 729
465 102
1012 500
1873 765
1687 1578
1288 1832
1592 257
1984 1801
872 1136
37 42
1420 187
1607 1999
1863 464
920 1032
1018 143
704 1673
1922 24
807 1091
1180 1602
1091 621
227 287
175 97
149 862
1797 1012
1002 549
804 39
1518 1597
424 572
864 844
1963 1984
387 690
1152 493
1902 1479
615 1042
699 1679
188 746
921 331
1740 1417
1583 716
1287 1620
1968 1015
636 347
1145 224
1375 915
1380 1784
506 991
688 1971
1378 957
454 572
813 919
546 575
1800 1589
676 1853
1770 663
151 1702
763 280
596 103
529 113
1492 389
1196 1559
1702 1956
578 463
631 1558
144 1928
1092 455
1016 1628
592 1566
365 355
57 239
354 1923
1469 1610
1137 871
1288 1269
469 183
9 693
1757 27
919 914
1948 561
1430 1618
1418 332
1168 1618
865 1846
223 127
1957 1549
1619 1261
388 1628
1570 93
1341 270
1031 1505
812 643
1438 1334
37 1815
106 1420
603 240
1033 1285
1919 1149
255 991
1511 1849
83 1702
1103 334
1975 492
912 766
958 882
272 1574
1984 1251
1115 573
1280 115
1218 1223
1388 1634
1028 1062
1525 1868
126 207
1206 1334
1474 102
1090 1159
1427 1976
1272 641
64 497
872 936
1615 980
813 1524
90 671
1244 1747
313 420
991 1301
769 1225
146 14
1653 454
378 1074
1928 164
1355 531
1482 572
4 833
534 833
371 132
1727 1342
1109 475
237 317
942 69
109 1300
1662 395
1610 1925
1897 935
1095 1479
1121 485
1053 58
1202 824
1900 1620
1804 1683
1260 536
525 1070
107 328
714 1006
332 675
1292 717
566 613
1424 644
1598 531
1884 1797
862 611
79 1434
1827 768
751 780
179 554
1485 1004
1516 354
118 49
235 634
1907 1407
1036 131
1299 999
220 1265
1548 242
784 1078
1930 78
1324 534
933 383
239 460
1866 1756
761 276
577 455
21 274
1161 1186
1730 1077
1148 429
1759 317
315 1394
1063 1782
1567 1544
1861 1762
1770 1415
1816 299
1847 1598
135 1692
212 1387
1002 1543
556 1951
1960 492
748 1892
502 173
961 724
585 1605
1972 1714
1490 1482
1388 1205
701 504
1876 205
1387 14
1351 1552
1103 255
917 1031
230 101
545 930
803 1454
1639 1955
1783 1182
232 1867
63 634
109 979
1594 1431
1826 734
255 804
941 1509
1168 505
473 1929
108 1279
1913 1413
297 1215
1276 38
892 1095
162 990
1487 258
274 1985
46 815
1350 926
1845 1134
1616 1311
1640 1668
711 939
1112 1283
1915 1378
277 189
1610 1496
989 920
730 400
1597 1971
932 534
1271 754
842 1809
1150 1925
854 1634
458 880
1762 1257
948 515
1486 1322
1360 688
1363 1925
1466 1380
1741 1319
196 358
884 1927
1720 213
1071 1753
1838 205
382 1945
1025 819
1214 1509
1159 819
1847 1156
992 413
704 1407
1363 60
1461 1386
1141 1933
1872 1923
1280 62
1001 1401
1398 54
1427 755
1924 1561
1996 1666
1848 748
530 998
1146 1230
1269 1566
858 1766
1933 563
23 672
1475 1176
1115 870
392 1707
1619 403
127 729
987 1587
1142 478
1790 1682
1544 229
1230 1759
1657 1045
1593 1518
1441 1161
211 1258
541 1133
892 424
966 373
969 119
21 1134
881 6
1308 1305
1321 1998
956 1348
6 974
1811 1633
1840 348
1649 817
1599 1225
1028 433
1585 1290
1835 4
420 1782
1989 1639
1670 1105
908 553
644 443
427 1677
1755 654
